0.96 0.83 0.28 0.27
0.83 0.99 0.35 0.57
0.84 0.47 0.68 0.39
0.72 0.63 0.45 0.5
0.77 0.22 0.97 0.86
0.21 0.2 0.48 0.48
0.92 0.97 0.21 0.57
0.84 0.99 0.59 0.4
0.31 0.93 0.7 0.41
0.48 0.74 0.42 0.49
0.14 0.15 0.72 0.41
0.85 0.45 0.58 0.32
0.72 0.27 0.6 0.78
0.2 0.93 0.29 0.6
0.08 0.3 0.3 0.45
0.88 0.68 0.43 0.33
0.14 0.22 0.32 0.96
0.53 0.95 0.71 0.56
0.86 0.32 0.13 0.67
0.7 0.81 0.63 0.49
0.17 0.22 0.51 0.81
0.26 0.21 0.32 0.74
0.78 0.7 0.31 0.58
0.83 0.37 0.75 0.83
0.18 0.38 0.2 0.52
0.05 0.4 0.46 0.65
0.52 0.91 0.39 0.43
0.11 0.44 0.11 0.86
0.96 0.86 0.41 0.27
0.34 0.11 0.99 0.59
0.82 0.78 0.24 0.56
0.05 0.91 0.4 0.31
