00000001
00000003
00000004
00000005
00000006
00000008
00000010
00000011
00000013
00000016
00000017
00000018
00000019
00000020
00000023
00000024
00000025
00000030
00000032
00000036
00000037
00000038
00000039
00000040
00000041
00000042
00000045
00000048
00000049
00000051
00000052
00000053
00000055
00000056
00000057
00000058
00000059
00000061
00000062
00000063
00000066
00000067
00000068
00000070
00000071
00000072
00000074
00000075
00000077
00000078
00000079
00000080
00000081
00000082
00000083
00000084
00000085
00000087
00000088
00000090
00000091
00000092
00000095
00000096
00000099
00000102
00000104
00000108
00000111
00000112
00000113
00000114
00000116
00000118
00000120
00000121
00000125
00000127
00000129
00000130
00000132
00000133
00000134
00000135
00000137
00000139
00000141
00000142
00000143
00000144
00000145
00000147
00000148
00000150
00000152
00000154
00000155
00000158
00000159
00000160
00000161
00000162
00000164
00000168
00000170
00000172
00000175
00000176
00000177
00000178
00000179
00000181
00000184
00000185
00000188
00000190
00000193
00000194
00000195
00000198
00000199
00000200
00000201
00000202
00000203
00000205
00000206
00000208
00000212
00000213
00000215
00000216
00000220
00000221
00000222
00000223
00000224
00000225
00000227
00000228
00000229
00000232
00000233
00000234
00000235
00000241
00000243
00000244
00000246
00000248
00000251
00000252
00000253
00000255
00000257
00000258
00000259
00000263
00000265
00000266
00000268
00000269
00000270
00000271
00000273
00000275
00000276
00000279
00000282
00000283
00000284
00000285
00000287
00000289
00000290
00000291
00000292
00000293
00000294
00000296
00000297
00000300
00000302
00000303
00000305
00000307
00000309
00000312
00000315
00000318
00000321
00000322
00000323
00000325
00000328
00000329
00000330
00000331
00000332
00000333
00000334
00000336
00000338
00000339
00000341
00000344
00000350
00000351
00000352
00000353
00000355
00000356
00000358
00000359
00000360
00000361
00000365
00000366
00000367
00000368
00000369
00000372
00000373
00000374
00000375
00000376
00000377
00000378
00000383
00000384
00000385
00000387
00000388
00000390
00000391
00000395
00000396
00000399
00000400
00000401
00000402
00000403
00000408
00000409
00000410
00000411
00000413
00000416
00000421
00000422
00000426
00000427
00000431
00000435
00000436
00000439
00000440
00000441
00000442
00000443
00000444
00000445
00000446
00000447
00000448
00000450
00000453
00000454
00000455
00000456
00000457
00000458
00000459
00000460
00000461
00000463
00000465
00000466
00000467
00000468
00000469
00000471
00000472
00000473
00000475
00000476
00000477
00000478
00000480
00000484
00000485
00000486
00000487
00000492
00000493
00000494
00000495
00000496
00000498
00000499
00000500
00000501
00000506
00000507
00000509
00000510
00000511
00000513
00000515
00000517
00000518
00000519
00000520
00000524
00000525
00000527
00000529
00000531
00000532
00000534
00000535
00000536
00000541
00000543
00000545
00000551
00000552
00000553
00000558
00000560
00000562
00000564
00000567
00000569
00000570
00000573
00000577
00000578
00000579
00000580
00000581
00000582
00000586
00000588
00000589
00000592
00000595
00000596
00000598
00000604
00000605
00000606
00000607
00000608
00000609
00000610
00000611
00000612
00000613
00000614
00000616
00000618
00000620
00000622
00000626
00000627
00000628
00000629
00000630
00000631
00000633
00000634
00000635
00000638
00000639
00000640
00000641
00000642
00000643
00000645
00000647
00000649
00000650
00000654
00000656
00000658
00000659
00000660
00000663
00000665
00000666
00000667
00000668
00000671
00000672
00000674
00000675
00000676
00000677
00000679
00000680
00000681
00000682
00000684
00000685
00000686
00000691
00000692
00000693
00000697
00000698
00000699
00000702
00000704
00000705
00000706
00000708
00000709
00000710
00000711
00000712
00000714
00000715
00000717
00000718
00000722
00000723
00000724
00000725
00000727
00000728
00000729
00000730
00000732
00000734
00000735
00000736
00000739
00000740
00000741
00000743
00000745
00000747
00000748
00000752
00000756
00000757
00000759
00000763
00000766
00000767
00000768
00000771
00000774
00000775
00000776
00000777
00000779
00000780
00000782
00000788
00000789
00000790
00000791
00000792
00000794
00000795
00000796
00000799
00000804
00000805
00000806
00000807
00000809
00000810
00000812
00000813
00000819
00000820
00000822
00000827
00000828
00000829
00000830
00000831
00000833
00000834
00000835
00000837
00000838
00000841
00000842
00000844
00000846
00000848
00000849
00000850
00000854
00000858
00000859
00000860
00000861
00000863
00000864
00000865
00000869
00000875
00000877
00000878
00000879
00000880
00000881
00000884
00000886
00000887
00000888
00000889
00000890
00000892
00000893
00000894
00000896
00000897
00000898
00000899
00000901
00000902
00000903
00000904
00000906
00000908
00000909
00000910
00000913
00000915
00000916
00000917
00000921
00000922
00000923
00000924
00000925
00000926
00000927
00000928
00000929
00000932
00000933
00000936
00000937
00000939
00000940
00000941
00000943
00000944
00000945
00000947
00000949
00000950
00000951
00000954
00000957
00000959
00000960
00000961
00000963
00000964
00000967
00000968
00000972
00000973
00000977
00000978
00000979
00000980
00000985
00000987
00000988
00000990
00000991
00000993
00000995
00000996
00000999
00001000
00001001
00001007
00001008
00001009
00001010
00001011
00001012
00001013
00001015
00001016
00001017
00001019
00001021
00001023
00001024
00001026
00001027
00001028
00001032
00001033
00001036
00001037
00001038
00001039
00001042
00001043
00001045
00001046
00001047
00001050
00001051
00001053
00001054
00001056
00001059
00001060
00001062
00001063
00001064
00001066
00001068
00001069
00001070
00001071
00001072
00001074
00001075
00001076
00001077
00001078
00001079
00001080
00001082
00001083
00001084
00001085
00001086
00001087
00001088
00001089
00001090
00001091
00001094
00001095
00001096
00001097
00001102
00001104
00001105
00001106
00001108
00001109
00001110
00001111
00001112
00001114
00001116
00001118
00001119
00001120
00001121
00001123
00001126
00001128
00001129
00001131
00001132
00001133
00001134
00001136
00001138
00001140
00001142
00001145
00001148
00001151
00001152
00001154
00001155
00001158
00001159
00001162
00001164
00001165
00001166
00001167
00001168
00001169
00001170
00001172
00001174
00001179
00001180
00001183
00001184
00001185
00001187
00001188
00001190
00001191
00001192
00001193
00001194
00001195
00001196
00001197
00001200
00001203
00001206
00001207
00001208
00001214
00001215
00001216
00001217
00001218
00001219
00001221
00001223
00001225
00001226
00001229
00001230
00001231
00001232
00001233
00001235
00001236
00001237
00001238
00001240
00001241
00001242
00001243
00001244
00001245
00001247
00001248
00001249
00001250
00001252
00001255
00001256
00001257
00001260
00001262
00001263
00001267
00001268
00001269
00001272
00001274
00001275
00001276
00001277
00001280
00001283
00001284
00001285
00001288
00001291
00001293
00001295
00001296
00001297
00001298
00001299
00001303
00001304
00001305
00001306
00001308
00001309
00001310
00001311
00001312
00001317
00001318
00001321
00001322
00001323
00001325
00001328
00001330
00001331
00001332
00001336
00001337
00001341
00001343
00001345
00001346
00001347
00001348
00001349
00001350
00001352
00001353
00001355
00001356
00001357
00001358
00001360
00001361
00001362
00001363
00001364
00001365
00001366
00001368
00001371
00001372
00001373
00001374
00001375
00001378
00001380
00001381
00001383
00001384
00001388
00001390
00001391
00001392
00001393
00001394
00001396
00001397
00001398
00001399
00001400
00001401
00001402
00001403
00001404
00001405
00001407
00001408
00001409
00001411
00001412
00001416
00001418
00001421
00001422
00001423
00001424
00001426
00001427
00001428
00001430
00001432
00001433
00001434
00001435
00001436
00001437
00001440
00001441
00001444
00001445
00001447
00001448
00001450
00001453
00001455
00001457
00001458
00001461
00001465
00001466
00001467
00001469
00001470
00001471
00001474
00001476
00001477
00001481
00001482
00001483
00001484
00001486
00001487
00001488
00001489
00001491
00001492
00001493
00001494
00001495
00001496
00001497
00001498
00001499
00001500
00001501
00001502
00001503
00001504
00001505
00001506
00001507
00001508
00001513
00001514
00001515
00001516
00001517
00001518
00001520
00001521
00001522
00001523
00001527
00001528
00001529
00001531
00001533
00001535
00001536
00001537
00001538
00001539
00001541
00001545
00001547
00001548
00001550
00001552
00001553
00001554
00001555
00001556
00001557
00001558
00001559
00001560
00001561
00001565
00001566
00001567
00001569
00001572
00001574
00001575
00001577
00001578
00001579
00001581
00001583
00001585
00001587
00001588
00001589
00001590
00001595
00001597
00001602
00001606
00001607
00001609
00001611
00001614
00001617
00001618
00001619
00001621
00001622
00001623
00001625
00001628
00001631
00001635
00001637
00001638
00001639
00001640
00001641
00001644
00001645
00001648
00001649
00001650
00001651
00001652
00001653
00001654
00001656
00001657
00001658
00001659
00001660
00001661
00001664
00001666
00001667
00001670
00001674
00001675
00001678
00001679
00001682
00001683
00001685
00001686
00001687
00001689
00001691
00001692
00001697
00001699
00001700
00001701
00001704
00001705
00001706
00001708
00001709
00001714
00001715
00001720
00001721
00001724
00001726
00001727
00001729
00001730
00001731
00001732
00001735
00001736
00001738
00001739
00001740
00001741
00001742
00001744
00001745
00001746
00001747
00001749
00001750
00001751
00001754
00001755
00001757
00001758
00001759
00001760
00001762
00001763
00001765
00001767
00001768
00001769
00001770
00001772
00001773
00001774
00001775
00001779
00001780
00001782
00001784
00001786
00001788
00001790
00001791
00001793
00001794
00001795
00001796
00001797
00001799
00001800
00001801
00001802
00001805
00001806
00001807
00001809
00001813
00001815
00001817
00001819
00001821
00001822
00001823
00001824
00001826
00001827
00001828
00001829
00001832
00001833
00001834
00001846
00001847
00001848
00001849
00001850
00001852
00001854
00001856
00001857
00001858
00001859
00001862
00001863
00001864
00001865
00001868
00001871
00001872
00001873
00001874
00001875
00001876
00001877
00001878
00001879
00001884
00001885
00001887
00001888
00001890
00001893
00001895
00001896
00001897
00001898
00001900
00001902
00001903
00001906
00001907
00001910
00001914
00001915
00001916
00001917
00001923
00001924
00001925
00001927
00001929
00001930
00001932
00001933
00001934
00001935
00001937
00001938
00001939
00001941
00001942
00001943
00001945
00001946
00001947
00001949
00001950
00001952
00001953
00001954
00001958
00001959
00001961
00001963
00001964
00001965
00001966
00001967
00001970
00001971
00001972
00001973
00001974
00001975
00001978
00001982
00001984
00001985
00001987
00001989
00001991
00001992
00001993
00001994
00001995
00001996
00001997
00002002
00002003
00002004
00002006
00002011
00002012
00002013
00002014
00002018
00002019
00002020
00002022
00002024
00002025
00002027
00002028
00002030
00002032
00002035
00002040
00002041
00002043
00002044
00002045
00002047
00002050
00002052
00002053
00002055
00002056
00002057
00002058
00002059
00002060
00002063
00002065
00002066
00002067
00002068
00002069
00002072
00002073
00002075
00002076
00002077
00002078
00002080
00002082
00002083
00002085
00002086
00002087
00002090
00002092
00002093
00002094
00002095
00002096
00002097
00002101
00002102
00002103
00002104
00002105
00002107
00002109
00002110
00002111
00002112
00002113
00002114
00002115
00002116
00002117
00002119
00002120
00002121
00002122
00002123
00002124
00002126
00002127
00002128
00002130
00002133
00002134
00002136
00002139
00002142
00002143
00002145
00002146
00002147
00002148
00002149
00002150
00002152
00002153
00002155
00002157
00002161
00002163
00002165
00002167
00002170
00002171
00002172
00002173
00002174
00002175
00002176
00002177
00002179
00002184
00002185
00002186
00002187
00002189
00002190
00002197
00002198
00002204
00002206
00002208
00002209
00002211
00002212
00002214
00002215
00002216
00002220
00002222
00002223
00002224
00002228
00002230
00002233
00002234
00002236
00002237
00002238
00002239
00002240
00002242
00002243
00002245
00002247
00002248
00002251
00002252
00002254
00002255
00002256
00002257
00002258
00002259
00002260
00002261
00002262
00002264
00002265
00002266
00002267
00002270
00002273
00002274
00002276
00002277
00002281
00002282
00002283
00002284
