00000001
00000002
00000003
00000005
00000006
00000007
00000008
00000009
00000010
00000011
00000012
00000014
00000017
00000018
00000019
00000020
00000023
00000024
00000025
00000027
00000028
00000029
00000035
00000036
00000038
00000039
00000040
00000044
00000046
00000048
00000049
00000051
00000053
00000054
00000056
00000057
00000058
00000062
00000063
00000064
00000065
00000066
00000067
00000068
00000071
00000072
00000073
00000074
00000076
00000078
00000079
00000080
00000082
00000086
00000087
00000088
00000089
00000090
00000091
00000092
00000093
00000094
00000097
00000101
00000102
00000103
00000104
00000105
00000107
00000108
00000109
00000110
00000112
00000113
00000114
00000116
00000119
00000121
00000123
00000125
00000126
00000127
00000131
00000134
00000136
00000139
00000142
00000143
00000145
00000148
00000152
00000154
00000155
00000156
00000157
00000158
00000159
00000160
00000161
00000165
00000168
00000170
00000172
00000173
00000174
00000175
00000176
00000177
00000178
00000179
00000180
00000181
00000186
00000187
00000188
00000189
00000191
00000194
00000195
00000196
00000197
00000199
00000201
00000202
00000206
00000208
00000209
00000211
00000212
00000214
00000216
00000217
00000219
00000220
00000221
00000222
00000223
00000224
00000225
00000229
00000234
00000236
00000237
00000238
00000239
00000240
00000243
00000244
00000245
00000246
00000247
00000248
00000252
00000253
00000254
00000258
00000259
00000260
00000263
00000264
00000265
00000270
00000271
00000272
00000274
00000275
00000276
00000279
00000283
00000286
00000287
00000288
00000289
00000290
00000291
00000292
00000293
00000295
00000297
00000298
00000299
00000300
00000303
00000304
00000305
00000307
00000309
00000311
00000312
00000313
00000315
00000317
00000318
00000320
00000321
00000322
00000325
00000326
00000328
00000329
00000330
00000331
00000334
00000340
00000341
00000342
00000343
00000344
00000346
00000347
00000350
00000352
00000353
00000356
00000357
00000358
00000360
00000364
00000366
00000367
00000369
00000370
00000373
00000375
00000376
00000377
00000378
00000379
00000380
00000385
00000386
00000387
00000389
00000390
00000392
00000393
00000394
00000396
00000399
00000400
00000401
00000404
00000405
00000406
00000408
00000410
00000413
00000414
00000415
00000417
00000419
00000420
00000425
00000426
00000428
00000430
00000433
00000434
00000436
00000437
00000438
00000440
00000441
00000443
00000444
00000445
00000446
00000447
00000450
00000451
00000453
00000454
00000455
00000456
00000458
00000460
00000461
00000462
00000463
00000466
00000467
00000468
00000469
00000470
00000472
00000474
00000475
00000477
00000478
00000479
00000482
00000483
00000485
00000489
00000490
00000493
00000494
00000495
00000497
00000498
00000500
00000501
00000505
00000506
00000509
00000510
00000511
00000512
00000513
00000514
00000515
00000516
00000517
00000519
00000520
00000523
00000524
00000525
00000526
00000528
00000529
00000532
00000533
00000534
00000537
00000539
00000540
00000541
00000542
00000543
00000545
00000546
00000547
00000548
00000549
00000551
00000555
00000556
00000558
00000560
00000563
00000566
00000567
00000568
00000570
00000571
00000576
00000577
00000578
00000584
00000585
00000587
00000588
00000590
00000591
00000592
00000594
00000595
00000596
00000597
00000598
00000599
00000600
00000601
00000602
00000604
00000608
00000613
00000614
00000615
00000617
00000618
00000620
00000623
00000624
00000626
00000627
00000628
00000629
00000630
00000632
00000634
00000635
00000636
00000637
00000639
00000640
00000641
00000643
00000645
00000647
00000649
00000650
00000653
00000654
00000655
00000658
00000659
00000661
00000662
00000663
00000664
00000666
00000667
00000668
00000670
00000674
00000675
00000676
00000678
00000679
00000680
00000681
00000682
00000683
00000687
00000689
00000691
00000692
00000694
00000695
00000698
00000699
00000700
00000703
00000708
00000709
00000714
00000715
00000716
00000717
00000718
00000719
00000721
00000723
00000724
00000726
00000727
00000729
00000730
00000732
00000734
00000736
00000739
00000741
00000744
00000746
00000747
00000749
00000752
00000753
00000754
00000756
00000758
00000761
00000762
00000763
00000764
00000768
00000769
00000775
00000776
00000777
00000778
00000779
00000781
00000782
00000783
00000784
00000786
00000787
00000788
00000789
00000791
00000794
00000797
00000799
00000801
00000802
00000804
00000805
00000806
00000807
00000808
00000813
00000815
00000817
00000819
00000821
00000822
00000823
00000824
00000826
00000828
00000830
00000831
00000836
00000838
00000840
00000841
00000843
00000844
00000846
00000847
00000848
00000850
00000851
00000852
00000853
00000855
00000856
00000857
00000861
00000862
00000863
00000869
00000870
00000873
00000874
00000875
00000876
00000877
00000880
00000881
00000884
00000885
00000888
00000890
00000891
00000892
00000893
00000896
00000897
00000898
00000899
00000901
00000902
00000905
00000908
00000910
00000911
00000913
00000914
00000915
00000916
00000918
00000919
00000920
00000921
00000922
00000925
00000927
00000928
00000929
00000930
00000931
00000932
00000934
00000935
00000938
00000941
00000944
00000945
00000947
00000949
00000950
00000952
00000956
00000958
00000960
00000961
00000962
00000964
00000965
00000966
00000969
00000971
00000972
00000973
00000974
00000976
00000978
00000980
00000981
00000982
00000984
00000986
00000989
00000990
00000993
00000994
00000995
00000997
00000999
00001002
00001003
00001005
00001006
00001010
00001013
00001015
00001018
00001019
00001020
00001021
00001022
00001023
00001027
00001028
00001029
00001034
00001035
00001036
00001037
00001038
00001039
00001042
00001043
00001045
00001048
00001051
00001052
00001053
00001055
00001059
00001060
00001061
00001062
00001064
00001065
00001066
00001067
00001068
00001069
00001070
00001071
00001073
00001075
00001076
00001078
00001081
00001082
00001083
00001084
00001085
00001087
00001088
00001090
00001093
00001094
00001095
00001096
00001098
00001099
00001100
00001104
00001105
00001107
00001109
00001114
00001116
00001117
00001118
00001119
00001120
00001121
00001122
00001123
00001124
00001125
00001127
00001130
00001131
00001132
00001134
00001136
00001138
00001139
00001140
00001142
00001145
00001148
00001150
00001151
00001152
00001153
00001155
00001156
00001157
00001161
00001162
00001163
00001165
00001166
00001170
00001173
00001177
00001178
00001179
00001181
00001183
00001184
00001185
00001189
00001190
00001191
00001196
00001199
00001200
00001201
00001202
00001203
00001204
00001205
00001211
00001212
00001213
00001215
00001217
00001218
00001219
00001222
00001223
00001225
00001231
00001233
00001237
00001238
00001239
00001241
00001244
00001245
00001246
00001248
00001249
00001255
00001256
00001258
00001259
00001261
00001262
00001263
00001265
00001266
00001272
00001273
00001274
00001275
00001277
00001278
00001280
00001281
00001283
00001285
00001286
00001287
00001288
00001293
00001294
00001295
00001298
00001300
00001302
00001303
00001305
00001306
00001307
00001308
00001314
00001316
00001317
00001319
00001320
00001321
00001322
00001324
00001326
00001329
00001330
00001331
00001332
00001333
00001334
00001335
00001336
00001337
00001338
00001339
00001340
00001342
00001344
00001347
00001349
00001352
00001354
00001355
00001357
00001359
00001360
00001361
00001362
00001363
00001364
00001365
00001366
00001367
00001369
00001372
00001373
00001374
00001375
00001377
00001379
00001381
00001382
00001383
00001384
00001385
00001386
00001387
00001390
00001391
00001392
00001393
00001394
00001395
00001398
00001399
00001400
00001405
00001407
00001408
00001410
00001411
00001412
00001413
00001414
00001415
00001417
00001418
00001420
00001421
00001425
00001426
00001427
00001431
00001432
00001433
00001435
00001437
00001438
00001442
00001443
00001446
00001447
00001448
00001452
00001454
00001455
00001457
00001458
00001459
00001460
00001461
00001463
00001465
00001466
00001467
00001468
00001469
00001470
00001471
00001472
00001473
00001474
00001475
00001477
00001479
00001485
00001486
00001487
00001488
00001490
00001492
00001494
00001495
00001497
00001498
00001501
00001502
00001504
00001507
00001508
00001512
00001513
00001514
00001515
00001516
00001517
00001520
00001522
00001525
00001526
00001527
00001530
00001531
00001532
00001533
00001534
00001535
00001537
00001538
00001539
00001541
00001542
00001545
00001546
00001547
00001550
00001551
00001552
00001554
00001555
00001556
00001558
00001559
00001560
00001561
00001563
00001565
00001567
00001568
00001570
00001572
00001574
00001578
00001579
00001580
00001581
00001582
00001585
00001586
00001587
00001588
00001589
00001590
00001593
00001594
00001596
00001599
00001601
00001602
00001604
00001606
00001607
00001610
00001612
00001613
00001614
00001616
00001617
00001618
00001619
00001622
00001625
00001626
00001628
00001630
00001635
00001636
00001638
00001639
00001640
00001641
00001642
00001644
00001647
00001649
00001650
00001652
00001653
00001655
00001656
00001657
00001658
00001660
00001661
00001662
00001664
00001665
00001666
00001667
00001668
00001669
00001671
00001673
00001674
00001675
00001679
00001680
00001681
00001683
00001685
00001689
00001690
00001691
00001692
00001694
00001695
00001697
00001699
00001700
00001702
00001703
00001708
00001711
00001712
00001713
00001714
00001716
00001718
00001720
00001722
00001724
00001726
00001727
00001730
00001732
00001733
00001734
00001735
00001736
00001738
00001740
00001743
00001744
00001746
00001747
00001752
00001753
00001755
00001756
00001763
00001764
00001765
00001769
00001770
00001771
00001772
00001773
00001774
00001775
00001777
00001779
00001780
00001781
00001782
00001783
00001785
00001786
00001789
00001791
00001792
00001793
00001796
00001798
00001799
00001801
00001804
00001806
00001807
00001809
00001810
00001811
00001812
00001814
00001815
00001817
00001818
00001819
00001821
00001823
00001824
00001826
00001830
00001834
00001835
00001836
00001837
00001838
00001839
00001842
00001843
00001846
00001847
00001849
00001850
00001851
00001853
00001855
00001856
00001857
00001858
00001860
00001861
00001862
00001863
00001865
00001866
00001869
00001871
00001873
00001877
00001878
00001879
00001881
00001882
00001883
00001885
00001886
00001888
00001889
00001890
00001893
00001894
00001895
00001896
00001897
00001903
00001904
00001905
00001906
00001907
00001908
00001909
00001910
00001911
00001913
00001915
00001916
00001917
00001918
00001919
00001920
00001922
00001923
00001924
00001926
00001928
00001929
00001931
00001933
00001936
00001938
00001943
00001945
00001946
00001947
00001948
00001951
00001953
00001954
00001955
00001959
00001961
00001964
00001965
00001966
00001967
00001969
00001970
00001971
00001974
00001975
00001976
00001977
00001979
00001984
00001986
00001987
00001988
00001990
00001991
00001992
00001993
00001994
00001995
00001996
00001997
00001999
00002000
00002001
00002002
00002004
00002006
00002007
00002010
00002012
00002013
00002014
00002015
00002017
00002019
00002020
00002021
00002023
00002025
00002026
00002028
00002029
00002030
00002032
00002033
00002035
00002036
00002037
00002038
00002042
00002043
00002044
00002046
00002047
00002049
00002050
00002051
00002052
00002055
00002057
00002058
00002059
00002062
00002063
00002064
00002069
00002070
00002072
00002073
00002078
00002079
00002080
00002082
00002085
00002086
00002090
00002091
00002092
00002094
00002095
00002096
00002097
00002100
00002102
00002106
00002107
00002108
00002110
00002111
00002112
00002113
00002115
00002117
00002120
00002121
00002123
00002124
00002127
00002130
00002132
00002133
00002134
00002135
00002136
00002137
00002138
00002140
00002141
00002142
00002143
00002144
00002145
00002150
00002151
00002153
00002154
00002156
00002157
00002158
00002159
00002160
00002161
00002164
00002167
00002168
00002170
00002171
00002172
00002173
00002174
00002175
00002178
00002181
00002182
00002184
00002186
00002187
00002188
00002189
00002190
00002191
00002193
00002197
00002201
00002203
00002204
00002205
00002206
00002209
00002211
00002212
00002213
00002214
00002215
00002216
00002218
00002220
00002223
00002225
00002226
00002227
00002228
00002229
00002230
00002231
00002232
00002234
00002235
00002236
00002237
00002238
00002239
00002241
00002242
00002243
00002244
00002245
00002246
00002248
00002250
00002251
00002253
00002254
00002255
00002256
00002257
00002258
00002259
00002260
00002261
00002265
00002266
00002267
00002268
00002270
00002271
00002273
00002280
00002281
00002282
00002283
00002284
