00000002
00000003
00000004
00000006
00000007
00000010
00000011
00000012
00000014
00000015
00000016
00000017
00000022
00000023
00000025
00000026
00000027
00000030
00000031
00000033
00000035
00000036
00000037
00000041
00000043
00000044
00000046
00000047
00000049
00000050
00000051
00000052
00000055
00000058
00000059
00000060
00000061
00000064
00000065
00000068
00000070
00000071
00000072
00000073
00000074
00000075
00000077
00000078
00000079
00000080
00000081
00000082
00000083
00000084
00000085
00000086
00000087
00000089
00000091
00000095
00000096
00000097
00000098
00000099
00000101
00000102
00000104
00000106
00000107
00000108
00000110
00000111
00000112
00000113
00000115
00000118
00000119
00000122
00000124
00000125
00000129
00000130
00000132
00000134
00000136
00000137
00000139
00000142
00000143
00000145
00000146
00000147
00000148
00000149
00000151
00000152
00000153
00000155
00000157
00000158
00000159
00000162
00000164
00000166
00000168
00000169
00000170
00000171
00000173
00000174
00000175
00000177
00000178
00000180
00000181
00000182
00000183
00000184
00000185
00000187
00000190
00000192
00000194
00000195
00000196
00000199
00000200
00000201
00000202
00000204
00000205
00000209
00000210
00000214
00000215
00000219
00000220
00000222
00000223
00000229
00000230
00000231
00000232
00000233
00000234
00000235
00000236
00000238
00000239
00000241
00000242
00000243
00000245
00000248
00000249
00000251
00000252
00000253
00000254
00000256
00000257
00000259
00000261
00000262
00000263
00000264
00000265
00000266
00000268
00000273
00000274
00000278
00000279
00000281
00000282
00000285
00000286
00000287
00000288
00000289
00000292
00000293
00000295
00000296
00000298
00000300
00000301
00000302
00000303
00000306
00000307
00000309
00000312
00000314
00000317
00000318
00000320
00000322
00000325
00000326
00000328
00000331
00000332
00000333
00000335
00000337
00000339
00000342
00000343
00000344
00000347
00000350
00000352
00000353
00000356
00000357
00000358
00000359
00000360
00000361
00000362
00000363
00000364
00000365
00000366
00000368
00000370
00000371
00000372
00000373
00000375
00000376
00000384
00000385
00000388
00000390
00000391
00000392
00000393
00000394
00000395
00000396
00000398
00000400
00000401
00000404
00000407
00000412
00000413
00000415
00000416
00000417
00000418
00000419
00000422
00000423
00000424
00000427
00000428
00000429
00000433
00000434
00000436
00000439
00000440
00000441
00000443
00000444
00000445
00000446
00000447
00000449
00000450
00000452
00000453
00000455
00000456
00000457
00000460
00000461
00000462
00000464
00000465
00000466
00000467
00000474
00000475
00000476
00000478
00000479
00000480
00000481
00000482
00000483
00000484
00000485
00000486
00000487
00000488
00000490
00000491
00000492
00000494
00000495
00000496
00000497
00000499
00000502
00000507
00000508
00000509
00000511
00000514
00000516
00000517
00000518
00000520
00000521
00000522
00000526
00000528
00000529
00000530
00000531
00000534
00000535
00000537
00000539
00000540
00000545
00000546
00000548
00000550
00000553
00000554
00000555
00000557
00000558
00000560
00000561
00000562
00000563
00000566
00000568
00000569
00000570
00000571
00000574
00000576
00000577
00000578
00000579
00000580
00000581
00000584
00000585
00000587
00000588
00000589
00000590
00000591
00000592
00000593
00000595
00000596
00000599
00000600
00000602
00000606
00000607
00000610
00000612
00000613
00000616
00000618
00000620
00000621
00000623
00000624
00000627
00000628
00000629
00000630
00000631
00000632
00000635
00000636
00000640
00000641
00000642
00000643
00000644
00000649
00000650
00000654
00000657
00000658
00000660
00000661
00000662
00000663
00000665
00000668
00000669
00000670
00000672
00000677
00000678
00000681
00000682
00000683
00000684
00000685
00000686
00000687
00000689
00000691
00000693
00000697
00000699
00000701
00000702
00000704
00000705
00000708
00000710
00000711
00000713
00000715
00000717
00000718
00000721
00000722
00000725
00000726
00000728
00000729
00000730
00000731
00000733
00000734
00000735
00000736
00000738
00000739
00000740
00000741
00000742
00000746
00000747
00000748
00000749
00000752
00000753
00000754
00000756
00000757
00000758
00000760
00000761
00000762
00000763
00000765
00000769
00000770
00000771
00000774
00000776
00000777
00000778
00000780
00000781
00000782
00000784
00000785
00000788
00000789
00000792
00000794
00000795
00000796
00000797
00000798
00000799
00000800
00000801
00000804
00000805
00000806
00000807
00000808
00000810
00000812
00000813
00000816
00000818
00000819
00000820
00000823
00000824
00000825
00000826
00000828
00000829
00000830
00000832
00000834
00000835
00000836
00000838
00000839
00000841
00000842
00000845
00000846
00000849
00000850
00000851
00000852
00000853
00000854
00000858
00000859
00000860
00000861
00000863
00000867
00000868
00000871
00000872
00000874
00000877
00000878
00000879
00000882
00000883
00000885
00000886
00000887
00000889
00000891
00000892
00000893
00000895
00000896
00000897
00000899
00000900
00000904
00000905
00000907
00000911
00000912
00000913
00000914
00000915
00000917
00000918
00000919
00000922
00000923
00000928
00000930
00000932
00000935
00000936
00000937
00000938
00000939
00000940
00000941
00000942
00000944
00000945
00000947
00000949
00000950
00000951
00000953
00000956
00000957
00000958
00000960
00000961
00000962
00000963
00000964
00000965
00000967
00000968
00000969
00000970
00000971
00000972
00000974
00000975
00000976
00000978
00000980
00000981
00000982
00000984
00000986
00000987
00000989
00000990
00000995
00000996
00000997
00000998
00001003
00001004
00001010
00001012
00001014
00001016
00001017
00001018
00001019
00001023
00001025
00001028
00001030
00001032
00001034
00001035
00001039
00001041
00001042
00001045
00001047
00001048
00001049
00001056
00001057
00001059
00001060
00001061
00001062
00001063
00001065
00001066
00001067
00001068
00001069
00001070
00001072
00001073
00001074
00001075
00001076
00001078
00001079
00001080
00001083
00001084
00001085
00001087
00001088
00001089
00001093
00001094
00001096
00001097
00001098
00001099
00001100
00001104
00001105
00001106
00001107
00001109
00001112
00001114
00001118
00001119
00001120
00001121
00001125
00001127
00001128
00001129
00001130
00001132
00001134
00001136
00001137
00001139
00001140
00001141
00001142
00001143
00001148
00001151
00001152
00001154
00001155
00001156
00001159
00001160
00001161
00001163
00001166
00001167
00001168
00001170
00001171
00001172
00001174
00001175
00001176
00001177
00001178
00001181
00001186
00001187
00001188
00001189
00001190
00001192
00001193
00001195
00001197
00001199
00001200
00001201
00001202
00001203
00001205
00001206
00001207
00001210
00001215
00001216
00001218
00001219
00001220
00001222
00001223
00001225
00001226
00001229
00001230
00001231
00001232
00001233
00001234
00001235
00001236
00001237
00001245
00001247
00001249
00001250
00001251
00001252
00001253
00001255
00001256
00001259
00001263
00001265
00001266
00001269
00001272
00001273
00001275
00001276
00001280
00001281
00001282
00001283
00001284
00001286
00001287
00001289
00001293
00001294
00001295
00001297
00001298
00001300
00001301
00001302
00001303
00001304
00001305
00001306
00001307
00001308
00001311
00001314
00001318
00001321
00001322
00001323
00001324
00001326
00001327
00001328
00001329
00001333
00001334
00001336
00001339
00001342
00001343
00001344
00001345
00001346
00001349
00001352
00001353
00001355
00001356
00001359
00001361
00001362
00001365
00001366
00001368
00001371
00001372
00001373
00001374
00001375
00001377
00001378
00001379
00001380
00001381
00001385
00001386
00001390
00001391
00001392
00001393
00001395
00001396
00001397
00001398
00001399
00001403
00001405
00001408
00001409
00001410
00001411
00001413
00001414
00001416
00001420
00001421
00001423
00001424
00001427
00001429
00001432
00001433
00001434
00001436
00001439
00001443
00001444
00001445
00001446
00001447
00001448
00001449
00001450
00001451
00001453
00001454
00001455
00001456
00001457
00001458
00001459
00001466
00001467
00001468
00001470
00001471
00001474
00001476
00001477
00001478
00001479
00001480
00001481
00001484
00001485
00001486
00001487
00001488
00001489
00001490
00001491
00001493
00001496
00001497
00001499
00001501
00001503
00001506
00001508
00001509
00001510
00001511
00001512
00001515
00001516
00001520
00001522
00001523
00001525
00001526
00001529
00001530
00001531
00001533
00001534
00001535
00001539
00001540
00001541
00001542
00001543
00001544
00001546
00001548
00001551
00001553
00001555
00001556
00001557
00001559
00001560
00001561
00001563
00001564
00001566
00001568
00001569
00001570
00001571
00001573
00001574
00001575
00001579
00001580
00001581
00001582
00001590
00001591
00001592
00001594
00001595
00001596
00001597
00001599
00001600
00001602
00001605
00001606
00001607
00001608
00001609
00001611
00001613
00001615
00001616
00001619
00001623
00001624
00001626
00001627
00001628
00001631
00001632
00001638
00001639
00001640
00001643
00001645
00001646
00001647
00001650
00001653
00001654
00001658
00001659
00001660
00001661
00001663
00001666
00001669
00001671
00001675
00001676
00001677
00001678
00001679
00001681
00001683
00001684
00001687
00001688
00001689
00001692
00001693
00001695
00001696
00001698
00001701
00001702
00001703
00001704
00001705
00001706
00001709
00001711
00001712
00001713
00001714
00001715
00001717
00001720
00001721
00001723
00001726
00001730
00001733
00001734
00001737
00001738
00001739
00001741
00001743
00001745
00001747
00001749
00001750
00001751
00001753
00001754
00001755
00001756
00001757
00001759
00001762
00001763
00001765
00001768
00001769
00001770
00001771
00001772
00001773
00001774
00001778
00001780
00001781
00001782
00001783
00001786
00001788
00001790
00001791
00001792
00001793
00001795
00001796
00001797
00001798
00001800
00001801
00001805
00001807
00001809
00001811
00001812
00001814
00001815
00001816
00001819
00001820
00001821
00001822
00001824
00001826
00001827
00001831
00001832
00001833
00001834
00001835
00001838
00001842
00001843
00001844
00001845
00001846
00001847
00001849
00001851
00001852
00001853
00001854
00001856
00001857
00001859
00001860
00001861
00001862
00001865
00001866
00001867
00001873
00001875
00001876
00001878
00001880
00001881
00001883
00001885
00001888
00001889
00001890
00001892
00001893
00001894
00001896
00001898
00001899
00001901
00001903
00001904
00001905
00001906
00001908
00001909
00001912
00001913
00001917
00001918
00001920
00001922
00001923
00001925
00001928
00001929
00001930
00001931
00001933
00001934
00001935
00001936
00001939
00001942
00001943
00001944
00001945
00001946
00001947
00001948
00001950
00001951
00001952
00001953
00001954
00001955
00001956
00001958
00001959
00001960
00001967
00001970
00001972
00001973
00001974
00001975
00001976
00001977
00001978
00001979
00001980
00001983
00001984
00001988
00001991
00001992
00001994
00001995
00001999
00002001
00002002
00002003
00002004
00002005
00002006
00002007
00002008
00002015
00002017
00002018
00002019
00002022
00002025
00002026
00002027
00002028
00002029
00002030
00002031
00002033
00002034
00002035
00002036
00002037
00002038
00002040
00002042
00002043
00002045
00002046
00002047
00002048
00002057
00002058
00002060
00002061
00002062
00002066
00002068
00002069
00002070
00002073
00002074
00002076
00002078
00002079
00002081
00002082
00002083
00002084
00002088
00002089
00002090
00002091
00002093
00002095
00002097
00002098
00002099
00002100
00002102
00002103
00002104
00002105
00002106
00002108
00002109
00002110
00002111
00002112
00002113
00002114
00002115
00002116
00002119
00002120
00002121
00002122
00002126
00002127
00002128
00002129
00002130
00002131
00002132
00002134
00002135
00002136
00002137
00002140
00002141
00002142
00002143
00002145
00002149
00002150
00002152
00002153
00002154
00002156
00002157
00002158
00002160
00002161
00002164
00002166
00002169
00002170
00002173
00002177
00002178
00002179
00002182
00002184
00002185
00002186
00002190
00002191
00002193
00002194
00002195
00002197
00002198
00002199
00002200
00002201
00002203
00002204
00002205
00002207
00002209
00002211
00002212
00002213
00002221
00002222
00002223
00002226
00002228
00002229
00002230
00002231
00002233
00002235
00002237
00002239
00002244
00002245
00002247
00002248
00002249
00002251
00002254
00002255
00002256
00002258
00002259
00002260
00002261
00002264
00002265
00002266
00002269
00002270
00002272
00002273
00002274
00002275
00002277
00002278
00002279
00002281
00002283
00002284
