00000001
00000004
00000005
00000006
00000007
00000008
00000009
00000012
00000013
00000017
00000020
00000021
00000023
00000024
00000025
00000026
00000027
00000028
00000029
00000031
00000032
00000033
00000036
00000037
00000039
00000040
00000042
00000044
00000047
00000048
00000050
00000052
00000054
00000055
00000056
00000058
00000059
00000061
00000062
00000063
00000064
00000065
00000066
00000068
00000069
00000070
00000071
00000072
00000073
00000074
00000075
00000077
00000078
00000080
00000081
00000084
00000085
00000086
00000087
00000089
00000090
00000092
00000094
00000095
00000096
00000097
00000100
00000103
00000106
00000109
00000113
00000115
00000117
00000118
00000119
00000120
00000123
00000124
00000125
00000127
00000128
00000129
00000130
00000131
00000132
00000134
00000135
00000136
00000138
00000141
00000142
00000143
00000145
00000147
00000148
00000149
00000150
00000151
00000153
00000154
00000155
00000158
00000159
00000161
00000162
00000164
00000165
00000166
00000168
00000169
00000170
00000174
00000176
00000177
00000178
00000179
00000180
00000182
00000183
00000185
00000188
00000189
00000190
00000191
00000192
00000193
00000194
00000196
00000197
00000198
00000199
00000201
00000202
00000203
00000205
00000206
00000207
00000209
00000211
00000212
00000213
00000215
00000216
00000217
00000220
00000222
00000223
00000224
00000226
00000227
00000229
00000230
00000231
00000232
00000234
00000235
00000240
00000241
00000244
00000245
00000248
00000249
00000251
00000252
00000253
00000257
00000259
00000262
00000263
00000265
00000266
00000267
00000268
00000269
00000271
00000273
00000275
00000278
00000280
00000285
00000287
00000288
00000289
00000290
00000291
00000292
00000293
00000294
00000295
00000296
00000298
00000299
00000300
00000301
00000302
00000303
00000304
00000305
00000306
00000307
00000310
00000311
00000312
00000313
00000314
00000315
00000316
00000317
00000320
00000323
00000324
00000325
00000326
00000331
00000333
00000334
00000335
00000337
00000338
00000340
00000342
00000343
00000344
00000345
00000347
00000348
00000350
00000354
00000355
00000356
00000357
00000358
00000359
00000361
00000362
00000363
00000366
00000368
00000370
00000371
00000372
00000374
00000375
00000376
00000377
00000382
00000383
00000385
00000386
00000387
00000388
00000389
00000390
00000391
00000392
00000393
00000394
00000396
00000399
00000400
00000403
00000405
00000407
00000408
00000409
00000411
00000414
00000418
00000419
00000420
00000421
00000423
00000424
00000425
00000426
00000428
00000429
00000431
00000432
00000433
00000434
00000435
00000437
00000440
00000442
00000444
00000448
00000449
00000450
00000452
00000453
00000456
00000457
00000458
00000459
00000460
00000461
00000462
00000464
00000465
00000466
00000469
00000470
00000473
00000474
00000476
00000477
00000478
00000481
00000483
00000484
00000487
00000489
00000495
00000497
00000498
00000499
00000505
00000506
00000507
00000509
00000514
00000515
00000516
00000520
00000521
00000523
00000524
00000525
00000527
00000528
00000530
00000531
00000532
00000534
00000535
00000536
00000537
00000539
00000541
00000546
00000547
00000552
00000553
00000554
00000555
00000557
00000559
00000562
00000563
00000566
00000568
00000572
00000575
00000576
00000577
00000579
00000581
00000582
00000584
00000592
00000594
00000595
00000597
00000598
00000599
00000600
00000601
00000604
00000605
00000609
00000610
00000612
00000613
00000614
00000616
00000620
00000621
00000622
00000625
00000627
00000628
00000629
00000630
00000631
00000632
00000634
00000635
00000636
00000637
00000638
00000639
00000640
00000642
00000643
00000644
00000651
00000652
00000653
00000655
00000656
00000658
00000659
00000660
00000662
00000663
00000664
00000665
00000666
00000667
00000670
00000671
00000672
00000673
00000675
00000676
00000677
00000678
00000682
00000684
00000685
00000686
00000687
00000688
00000689
00000691
00000692
00000694
00000698
00000700
00000701
00000706
00000708
00000709
00000711
00000715
00000717
00000718
00000720
00000721
00000723
00000724
00000726
00000730
00000731
00000734
00000736
00000737
00000739
00000740
00000741
00000742
00000744
00000745
00000746
00000747
00000749
00000750
00000751
00000752
00000753
00000756
00000757
00000765
00000766
00000769
00000770
00000771
00000773
00000777
00000778
00000779
00000780
00000782
00000786
00000788
00000789
00000790
00000791
00000794
00000796
00000798
00000799
00000800
00000804
00000805
00000808
00000809
00000811
00000812
00000816
00000817
00000819
00000824
00000826
00000827
00000828
00000831
00000832
00000833
00000836
00000840
00000841
00000843
00000844
00000845
00000846
00000847
00000849
00000850
00000854
00000855
00000857
00000858
00000861
00000864
00000866
00000867
00000868
00000870
00000871
00000872
00000873
00000877
00000878
00000880
00000881
00000882
00000885
00000889
00000891
00000892
00000893
00000894
00000897
00000898
00000900
00000901
00000903
00000905
00000907
00000909
00000910
00000912
00000913
00000914
00000916
00000917
00000918
00000919
00000921
00000923
00000924
00000925
00000926
00000927
00000928
00000929
00000932
00000934
00000935
00000936
00000937
00000938
00000939
00000940
00000941
00000943
00000944
00000945
00000946
00000950
00000951
00000952
00000954
00000957
00000959
00000960
00000961
00000962
00000964
00000965
00000966
00000967
00000968
00000969
00000970
00000971
00000973
00000974
00000975
00000976
00000977
00000978
00000979
00000983
00000984
00000985
00000986
00000987
00000988
00000989
00000993
00000995
00000996
00000997
00000999
00001000
00001006
00001007
00001008
00001009
00001010
00001012
00001013
00001014
00001017
00001018
00001019
00001021
00001022
00001025
00001026
00001027
00001028
00001029
00001030
00001031
00001032
00001034
00001035
00001037
00001038
00001039
00001041
00001042
00001043
00001046
00001050
00001051
00001052
00001053
00001054
00001055
00001056
00001058
00001059
00001062
00001063
00001064
00001065
00001066
00001068
00001069
00001073
00001074
00001075
00001078
00001079
00001081
00001082
00001083
00001085
00001086
00001087
00001090
00001091
00001092
00001095
00001096
00001097
00001099
00001100
00001101
00001103
00001104
00001109
00001111
00001112
00001113
00001114
00001118
00001120
00001123
00001124
00001125
00001126
00001131
00001132
00001133
00001135
00001136
00001137
00001140
00001143
00001144
00001147
00001148
00001151
00001153
00001154
00001155
00001156
00001157
00001158
00001160
00001163
00001166
00001169
00001170
00001171
00001173
00001175
00001176
00001177
00001181
00001182
00001183
00001187
00001188
00001189
00001190
00001194
00001195
00001197
00001198
00001199
00001200
00001201
00001204
00001205
00001210
00001211
00001213
00001215
00001216
00001218
00001219
00001220
00001221
00001222
00001226
00001227
00001228
00001229
00001232
00001233
00001234
00001236
00001237
00001242
00001243
00001244
00001245
00001247
00001249
00001251
00001254
00001256
00001257
00001258
00001259
00001260
00001262
00001264
00001265
00001266
00001268
00001269
00001270
00001272
00001275
00001282
00001283
00001284
00001285
00001287
00001289
00001293
00001294
00001295
00001297
00001299
00001301
00001303
00001304
00001305
00001306
00001308
00001310
00001311
00001312
00001314
00001315
00001316
00001317
00001321
00001323
00001324
00001325
00001326
00001327
00001328
00001331
00001333
00001334
00001337
00001338
00001342
00001343
00001348
00001352
00001355
00001356
00001357
00001358
00001359
00001360
00001362
00001363
00001364
00001365
00001366
00001368
00001369
00001370
00001371
00001374
00001375
00001378
00001379
00001381
00001382
00001383
00001385
00001387
00001391
00001394
00001395
00001396
00001397
00001399
00001400
00001401
00001402
00001403
00001404
00001406
00001407
00001408
00001412
00001413
00001414
00001418
00001424
00001427
00001428
00001430
00001431
00001433
00001434
00001435
00001436
00001439
00001445
00001451
00001452
00001453
00001455
00001456
00001457
00001458
00001459
00001460
00001461
00001463
00001464
00001467
00001468
00001469
00001473
00001474
00001475
00001478
00001481
00001484
00001485
00001488
00001489
00001490
00001491
00001493
00001495
00001496
00001497
00001500
00001501
00001502
00001503
00001504
00001505
00001506
00001508
00001517
00001521
00001523
00001525
00001527
00001529
00001530
00001531
00001532
00001535
00001536
00001540
00001541
00001543
00001547
00001548
00001551
00001552
00001553
00001554
00001555
00001556
00001558
00001559
00001560
00001564
00001565
00001567
00001570
00001572
00001573
00001575
00001577
00001580
00001581
00001584
00001587
00001588
00001589
00001593
00001594
00001597
00001598
00001599
00001600
00001603
00001604
00001606
00001607
00001608
00001609
00001610
00001612
00001613
00001614
00001615
00001617
00001618
00001619
00001621
00001622
00001624
00001626
00001629
00001630
00001631
00001632
00001635
00001637
00001638
00001642
00001643
00001645
00001646
00001647
00001648
00001649
00001650
00001651
00001653
00001654
00001655
00001656
00001657
00001662
00001663
00001664
00001665
00001666
00001670
00001671
00001672
00001674
00001676
00001677
00001678
00001679
00001682
00001683
00001685
00001686
00001687
00001689
00001690
00001692
00001694
00001695
00001696
00001697
00001699
00001701
00001702
00001703
00001705
00001709
00001711
00001712
00001713
00001714
00001715
00001716
00001717
00001718
00001719
00001720
00001721
00001722
00001723
00001725
00001728
00001729
00001732
00001733
00001734
00001737
00001739
00001740
00001743
00001745
00001746
00001748
00001749
00001751
00001752
00001753
00001755
00001757
00001758
00001759
00001761
00001762
00001763
00001764
00001765
00001770
00001772
00001777
00001778
00001779
00001783
00001784
00001787
00001789
00001790
00001792
00001793
00001794
00001795
00001797
00001798
00001799
00001800
00001804
00001806
00001808
00001809
00001810
00001812
00001815
00001816
00001817
00001820
00001825
00001826
00001828
00001829
00001831
00001832
00001834
00001836
00001838
00001839
00001840
00001841
00001842
00001843
00001845
00001846
00001847
00001850
00001851
00001852
00001854
00001855
00001856
00001857
00001859
00001861
00001862
00001863
00001865
00001869
00001874
00001876
00001878
00001880
00001881
00001882
00001883
00001884
00001885
00001886
00001887
00001888
00001889
00001892
00001893
00001894
00001895
00001896
00001897
00001899
00001900
00001905
00001906
00001908
00001910
00001911
00001914
00001916
00001917
00001918
00001919
00001920
00001921
00001922
00001925
00001927
00001931
00001933
00001935
00001936
00001938
00001939
00001940
00001941
00001943
00001944
00001945
00001948
00001949
00001950
00001952
00001953
00001954
00001956
00001958
00001961
00001963
00001964
00001966
00001967
00001969
00001971
00001972
00001975
00001977
00001980
00001981
00001983
00001985
00001986
00001989
00001990
00001995
00001996
00001997
00001998
00001999
00002000
00002001
00002002
00002003
00002007
00002012
00002014
00002015
00002018
00002020
00002021
00002022
00002023
00002025
00002026
00002027
00002029
00002030
00002032
00002033
00002036
00002040
00002041
00002043
00002047
00002049
00002050
00002052
00002053
00002055
00002056
00002057
00002058
00002059
00002060
00002061
00002063
00002065
00002066
00002068
00002069
00002071
00002073
00002074
00002075
00002076
00002077
00002078
00002079
00002080
00002081
00002082
00002083
00002084
00002085
00002086
00002087
00002088
00002090
00002091
00002092
00002093
00002094
00002098
00002100
00002102
00002104
00002105
00002108
00002110
00002112
00002115
00002116
00002117
00002119
00002120
00002122
00002123
00002124
00002125
00002126
00002128
00002129
00002130
00002131
00002132
00002133
00002134
00002135
00002136
00002138
00002141
00002143
00002145
00002146
00002149
00002151
00002152
00002153
00002154
00002156
00002159
00002160
00002163
00002164
00002168
00002169
00002170
00002172
00002173
00002174
00002175
00002176
00002177
00002178
00002179
00002181
00002184
00002185
00002186
00002192
00002193
00002194
00002195
00002196
00002197
00002199
00002200
00002201
00002204
00002205
00002207
00002208
00002211
00002213
00002214
00002215
00002219
00002221
00002222
00002224
00002225
00002226
00002227
00002228
00002230
00002231
00002235
00002236
00002238
00002240
00002241
00002244
00002245
00002246
00002248
00002249
00002251
00002253
00002254
00002255
00002257
00002258
00002259
00002260
00002261
00002262
00002263
00002265
00002266
00002267
00002270
00002271
00002272
00002273
00002275
00002276
00002278
