00000001
00000002
00000003
00000012
00000013
00000014
00000015
00000016
00000019
00000020
00000022
00000023
00000024
00000025
00000028
00000031
00000033
00000034
00000035
00000041
00000042
00000043
00000044
00000046
00000048
00000049
00000051
00000053
00000055
00000057
00000059
00000060
00000061
00000063
00000064
00000066
00000067
00000070
00000071
00000072
00000073
00000076
00000078
00000079
00000080
00000081
00000082
00000083
00000084
00000088
00000091
00000092
00000093
00000094
00000096
00000097
00000100
00000101
00000103
00000104
00000106
00000109
00000112
00000113
00000115
00000118
00000120
00000122
00000125
00000126
00000127
00000128
00000129
00000131
00000132
00000133
00000135
00000137
00000139
00000142
00000144
00000146
00000147
00000149
00000150
00000152
00000156
00000158
00000161
00000162
00000164
00000165
00000167
00000168
00000169
00000171
00000172
00000175
00000176
00000177
00000179
00000181
00000182
00000185
00000187
00000190
00000193
00000197
00000198
00000199
00000200
00000201
00000202
00000203
00000205
00000206
00000209
00000211
00000213
00000214
00000216
00000217
00000218
00000225
00000228
00000229
00000231
00000233
00000235
00000236
00000238
00000239
00000241
00000242
00000244
00000247
00000248
00000250
00000254
00000255
00000256
00000257
00000258
00000259
00000263
00000264
00000265
00000267
00000271
00000272
00000273
00000274
00000277
00000279
00000280
00000281
00000282
00000283
00000285
00000286
00000287
00000288
00000290
00000291
00000294
00000295
00000296
00000298
00000300
00000301
00000302
00000303
00000304
00000305
00000307
00000308
00000311
00000317
00000318
00000320
00000321
00000322
00000323
00000324
00000325
00000327
00000328
00000329
00000330
00000331
00000336
00000338
00000340
00000341
00000342
00000343
00000345
00000346
00000347
00000348
00000349
00000351
00000353
00000355
00000356
00000360
00000362
00000363
00000364
00000365
00000366
00000367
00000368
00000369
00000370
00000373
00000377
00000378
00000381
00000382
00000383
00000386
00000389
00000390
00000391
00000393
00000394
00000395
00000397
00000398
00000400
00000402
00000406
00000410
00000411
00000413
00000415
00000416
00000417
00000418
00000419
00000421
00000422
00000425
00000428
00000430
00000432
00000433
00000435
00000438
00000439
00000441
00000442
00000443
00000444
00000445
00000447
00000448
00000452
00000453
00000455
00000456
00000458
00000459
00000461
00000463
00000464
00000466
00000467
00000468
00000469
00000470
00000472
00000473
00000474
00000475
00000476
00000477
00000479
00000480
00000481
00000483
00000486
00000488
00000489
00000490
00000492
00000495
00000499
00000500
00000503
00000505
00000507
00000508
00000510
00000511
00000512
00000514
00000517
00000520
00000522
00000523
00000524
00000526
00000528
00000529
00000530
00000531
00000533
00000534
00000536
00000537
00000539
00000540
00000543
00000544
00000545
00000550
00000551
00000552
00000553
00000555
00000558
00000559
00000561
00000562
00000564
00000565
00000567
00000569
00000570
00000571
00000577
00000579
00000581
00000583
00000584
00000585
00000586
00000587
00000591
00000592
00000593
00000594
00000597
00000602
00000603
00000604
00000606
00000609
00000610
00000611
00000612
00000614
00000615
00000616
00000617
00000620
00000625
00000626
00000632
00000633
00000634
00000635
00000636
00000638
00000641
00000642
00000643
00000644
00000645
00000646
00000647
00000648
00000649
00000650
00000651
00000652
00000654
00000655
00000660
00000661
00000663
00000664
00000666
00000668
00000669
00000670
00000671
00000675
00000676
00000678
00000679
00000680
00000682
00000683
00000685
00000686
00000687
00000689
00000692
00000693
00000694
00000696
00000697
00000698
00000699
00000700
00000705
00000707
00000708
00000709
00000712
00000713
00000714
00000715
00000716
00000717
00000719
00000720
00000721
00000722
00000723
00000724
00000725
00000727
00000732
00000733
00000734
00000735
00000736
00000737
00000739
00000742
00000743
00000744
00000746
00000748
00000749
00000750
00000753
00000754
00000757
00000758
00000759
00000760
00000761
00000762
00000763
00000764
00000765
00000766
00000767
00000768
00000770
00000772
00000773
00000776
00000777
00000778
00000781
00000782
00000785
00000787
00000790
00000791
00000793
00000794
00000797
00000798
00000799
00000802
00000804
00000805
00000806
00000807
00000809
00000810
00000811
00000812
00000813
00000815
00000816
00000818
00000820
00000821
00000822
00000824
00000825
00000826
00000828
00000829
00000831
00000833
00000835
00000839
00000840
00000843
00000844
00000847
00000851
00000852
00000853
00000855
00000857
00000858
00000860
00000862
00000863
00000864
00000871
00000872
00000875
00000876
00000877
00000878
00000879
00000881
00000882
00000884
00000885
00000886
00000887
00000888
00000890
00000892
00000893
00000897
00000899
00000900
00000901
00000902
00000903
00000905
00000909
00000910
00000911
00000912
00000913
00000914
00000915
00000916
00000919
00000921
00000922
00000923
00000924
00000925
00000927
00000928
00000929
00000930
00000932
00000934
00000936
00000937
00000938
00000939
00000940
00000941
00000942
00000943
00000945
00000946
00000947
00000948
00000950
00000952
00000953
00000954
00000955
00000956
00000957
00000958
00000961
00000963
00000964
00000966
00000967
00000968
00000969
00000970
00000972
00000973
00000974
00000975
00000980
00000981
00000982
00000984
00000986
00000987
00000988
00000991
00000992
00000993
00000999
00001004
00001006
00001009
00001011
00001012
00001015
00001016
00001019
00001021
00001024
00001025
00001027
00001028
00001029
00001030
00001031
00001032
00001034
00001035
00001036
00001037
00001038
00001039
00001041
00001042
00001043
00001044
00001045
00001047
00001048
00001049
00001051
00001052
00001055
00001057
00001061
00001062
00001065
00001066
00001067
00001068
00001069
00001070
00001071
00001073
00001075
00001077
00001078
00001081
00001082
00001083
00001084
00001085
00001086
00001087
00001090
00001092
00001095
00001096
00001097
00001099
00001100
00001101
00001102
00001103
00001104
00001105
00001107
00001108
00001110
00001111
00001113
00001114
00001118
00001119
00001122
00001124
00001125
00001127
00001129
00001130
00001131
00001132
00001135
00001137
00001139
00001140
00001141
00001142
00001144
00001145
00001146
00001147
00001149
00001151
00001152
00001154
00001155
00001157
00001159
00001160
00001163
00001167
00001168
00001170
00001173
00001176
00001177
00001181
00001182
00001183
00001184
00001185
00001189
00001190
00001191
00001192
00001193
00001195
00001196
00001197
00001199
00001203
00001204
00001205
00001206
00001207
00001208
00001210
00001211
00001212
00001213
00001214
00001216
00001217
00001219
00001220
00001221
00001222
00001223
00001224
00001225
00001226
00001227
00001229
00001231
00001232
00001235
00001237
00001238
00001239
00001240
00001241
00001242
00001243
00001248
00001249
00001251
00001252
00001254
00001255
00001256
00001257
00001259
00001261
00001263
00001264
00001265
00001269
00001270
00001273
00001274
00001276
00001277
00001278
00001279
00001280
00001281
00001282
00001285
00001288
00001290
00001292
00001293
00001294
00001296
00001298
00001300
00001301
00001302
00001307
00001308
00001309
00001310
00001312
00001313
00001314
00001315
00001316
00001317
00001321
00001324
00001325
00001326
00001327
00001328
00001329
00001330
00001332
00001333
00001334
00001335
00001337
00001338
00001340
00001341
00001342
00001344
00001345
00001347
00001350
00001353
00001355
00001356
00001357
00001360
00001361
00001363
00001367
00001369
00001370
00001371
00001372
00001373
00001374
00001375
00001377
00001378
00001379
00001380
00001381
00001382
00001383
00001386
00001387
00001388
00001390
00001391
00001392
00001395
00001396
00001397
00001401
00001402
00001404
00001405
00001406
00001407
00001408
00001409
00001413
00001417
00001418
00001419
00001421
00001422
00001423
00001424
00001425
00001426
00001428
00001432
00001433
00001437
00001440
00001441
00001443
00001445
00001447
00001449
00001451
00001452
00001454
00001455
00001456
00001457
00001458
00001460
00001462
00001463
00001464
00001466
00001467
00001468
00001469
00001470
00001471
00001472
00001475
00001476
00001477
00001478
00001479
00001481
00001482
00001484
00001485
00001486
00001490
00001491
00001492
00001493
00001494
00001495
00001496
00001497
00001498
00001499
00001500
00001501
00001502
00001503
00001506
00001508
00001509
00001511
00001512
00001514
00001515
00001519
00001520
00001522
00001523
00001524
00001525
00001526
00001528
00001529
00001531
00001532
00001533
00001534
00001535
00001536
00001537
00001539
00001541
00001542
00001543
00001545
00001548
00001550
00001552
00001554
00001556
00001557
00001560
00001561
00001562
00001564
00001565
00001566
00001568
00001570
00001571
00001572
00001573
00001574
00001575
00001576
00001579
00001582
00001584
00001585
00001588
00001589
00001591
00001592
00001594
00001595
00001596
00001597
00001599
00001602
00001604
00001606
00001609
00001610
00001614
00001615
00001617
00001619
00001624
00001626
00001627
00001628
00001630
00001631
00001632
00001633
00001634
00001641
00001642
00001643
00001644
00001646
00001647
00001648
00001649
00001651
00001655
00001656
00001657
00001660
00001661
00001662
00001664
00001666
00001669
00001672
00001673
00001674
00001676
00001678
00001679
00001682
00001684
00001685
00001686
00001687
00001688
00001689
00001690
00001698
00001699
00001701
00001702
00001704
00001706
00001708
00001711
00001712
00001713
00001714
00001715
00001716
00001717
00001719
00001720
00001721
00001727
00001728
00001729
00001732
00001733
00001734
00001738
00001739
00001740
00001741
00001742
00001743
00001745
00001747
00001748
00001749
00001752
00001754
00001757
00001759
00001760
00001761
00001763
00001764
00001766
00001767
00001768
00001769
00001770
00001773
00001774
00001775
00001777
00001779
00001782
00001783
00001784
00001785
00001786
00001787
00001789
00001797
00001802
00001803
00001805
00001807
00001810
00001812
00001813
00001814
00001816
00001817
00001818
00001819
00001820
00001821
00001822
00001823
00001824
00001825
00001827
00001828
00001829
00001830
00001831
00001833
00001835
00001836
00001839
00001842
00001844
00001845
00001846
00001847
00001848
00001849
00001850
00001851
00001855
00001859
00001861
00001863
00001865
00001869
00001870
00001871
00001872
00001873
00001874
00001875
00001877
00001881
00001883
00001886
00001889
00001890
00001891
00001892
00001893
00001895
00001897
00001901
00001902
00001903
00001904
00001905
00001906
00001907
00001908
00001909
00001911
00001912
00001914
00001915
00001916
00001917
00001918
00001919
00001920
00001921
00001923
00001925
00001926
00001927
00001928
00001929
00001931
00001932
00001934
00001935
00001936
00001937
00001940
00001942
00001945
00001946
00001947
00001948
00001949
00001950
00001951
00001955
00001958
00001959
00001960
00001962
00001964
00001967
00001969
00001970
00001971
00001975
00001976
00001977
00001978
00001979
00001980
00001981
00001982
00001983
00001985
00001986
00001987
00001990
00001991
00001992
00001995
00001996
00001998
00002001
00002002
00002004
00002005
00002007
00002009
00002012
00002013
00002015
00002018
00002023
00002024
00002026
00002031
00002033
00002034
00002035
00002036
00002038
00002043
00002044
00002046
00002047
00002048
00002050
00002052
00002053
00002054
00002055
00002058
00002059
00002060
00002061
00002062
00002065
00002068
00002070
00002071
00002073
00002074
00002075
00002081
00002082
00002083
00002084
00002089
00002090
00002092
00002095
00002096
00002100
00002101
00002102
00002103
00002107
00002110
00002111
00002114
00002117
00002119
00002120
00002121
00002123
00002124
00002128
00002130
00002131
00002132
00002133
00002135
00002136
00002137
00002138
00002140
00002145
00002146
00002148
00002150
00002153
00002154
00002155
00002156
00002159
00002160
00002162
00002164
00002166
00002167
00002168
00002169
00002172
00002174
00002175
00002178
00002181
00002182
00002183
00002184
00002185
00002186
00002189
00002191
00002193
00002195
00002197
00002198
00002199
00002203
00002204
00002206
00002207
00002209
00002211
00002213
00002214
00002215
00002217
00002218
00002219
00002220
00002221
00002223
00002225
00002226
00002228
00002229
00002232
00002234
00002237
00002240
00002241
00002242
00002243
00002244
00002246
00002248
00002250
00002251
00002253
00002254
00002255
00002257
00002260
00002263
00002264
00002265
00002269
00002270
00002276
00002277
00002279
00002281
00002283
00002284
