00000003
00000004
00000005
00000006
00000008
00000010
00000012
00000015
00000016
00000017
00000018
00000019
00000020
00000023
00000025
00000026
00000028
00000029
00000031
00000032
00000033
00000034
00000035
00000036
00000037
00000038
00000040
00000041
00000042
00000044
00000047
00000048
00000049
00000052
00000054
00000056
00000058
00000059
00000060
00000062
00000063
00000065
00000066
00000070
00000074
00000075
00000076
00000077
00000078
00000079
00000081
00000083
00000084
00000085
00000089
00000092
00000093
00000094
00000095
00000097
00000098
00000099
00000100
00000101
00000103
00000106
00000107
00000111
00000112
00000113
00000114
00000115
00000119
00000120
00000121
00000122
00000123
00000124
00000125
00000127
00000128
00000131
00000132
00000133
00000134
00000136
00000137
00000139
00000140
00000142
00000145
00000146
00000148
00000149
00000150
00000151
00000152
00000154
00000156
00000160
00000161
00000162
00000164
00000167
00000168
00000169
00000171
00000174
00000179
00000180
00000181
00000184
00000187
00000188
00000189
00000190
00000191
00000192
00000193
00000194
00000195
00000198
00000201
00000204
00000208
00000210
00000211
00000214
00000215
00000216
00000219
00000222
00000226
00000227
00000230
00000231
00000232
00000233
00000234
00000236
00000238
00000241
00000242
00000243
00000245
00000248
00000250
00000252
00000254
00000256
00000258
00000261
00000262
00000265
00000266
00000267
00000268
00000271
00000272
00000273
00000274
00000277
00000278
00000279
00000280
00000281
00000282
00000283
00000284
00000287
00000289
00000290
00000293
00000294
00000295
00000296
00000298
00000304
00000306
00000309
00000311
00000314
00000315
00000316
00000317
00000319
00000320
00000321
00000324
00000325
00000327
00000329
00000330
00000331
00000332
00000335
00000338
00000339
00000340
00000342
00000343
00000345
00000346
00000347
00000348
00000349
00000351
00000352
00000353
00000355
00000357
00000360
00000361
00000363
00000365
00000366
00000367
00000368
00000369
00000371
00000372
00000373
00000375
00000377
00000378
00000379
00000380
00000381
00000383
00000387
00000388
00000390
00000394
00000395
00000397
00000398
00000399
00000400
00000401
00000402
00000405
00000408
00000409
00000410
00000411
00000412
00000414
00000415
00000417
00000418
00000420
00000421
00000422
00000423
00000424
00000425
00000426
00000427
00000428
00000429
00000430
00000433
00000435
00000438
00000439
00000440
00000441
00000442
00000443
00000444
00000445
00000447
00000448
00000449
00000450
00000452
00000453
00000454
00000456
00000457
00000458
00000459
00000460
00000461
00000464
00000466
00000467
00000468
00000471
00000473
00000476
00000478
00000479
00000481
00000482
00000483
00000484
00000486
00000492
00000497
00000498
00000499
00000500
00000503
00000505
00000507
00000510
00000511
00000512
00000513
00000514
00000515
00000517
00000521
00000523
00000524
00000527
00000528
00000530
00000531
00000532
00000533
00000540
00000541
00000542
00000543
00000544
00000546
00000550
00000553
00000559
00000561
00000563
00000565
00000567
00000568
00000569
00000570
00000579
00000580
00000582
00000585
00000586
00000587
00000588
00000590
00000591
00000592
00000593
00000594
00000595
00000599
00000600
00000601
00000605
00000606
00000608
00000609
00000612
00000613
00000614
00000618
00000621
00000623
00000625
00000628
00000632
00000633
00000634
00000635
00000636
00000637
00000639
00000643
00000644
00000650
00000651
00000652
00000653
00000654
00000655
00000656
00000657
00000658
00000659
00000660
00000661
00000662
00000663
00000666
00000667
00000668
00000670
00000672
00000673
00000674
00000676
00000678
00000679
00000680
00000681
00000682
00000684
00000685
00000688
00000690
00000691
00000692
00000695
00000696
00000699
00000702
00000703
00000705
00000706
00000707
00000709
00000713
00000714
00000717
00000720
00000723
00000728
00000730
00000731
00000733
00000734
00000735
00000736
00000738
00000739
00000740
00000742
00000743
00000745
00000746
00000747
00000749
00000750
00000753
00000755
00000757
00000758
00000759
00000760
00000762
00000763
00000767
00000769
00000770
00000771
00000774
00000775
00000776
00000777
00000778
00000780
00000781
00000782
00000783
00000784
00000785
00000786
00000789
00000791
00000793
00000795
00000797
00000800
00000801
00000802
00000803
00000804
00000805
00000806
00000808
00000809
00000810
00000811
00000812
00000813
00000815
00000817
00000819
00000822
00000824
00000825
00000827
00000828
00000829
00000831
00000832
00000833
00000834
00000837
00000838
00000839
00000840
00000841
00000842
00000843
00000846
00000847
00000848
00000851
00000852
00000854
00000855
00000857
00000858
00000860
00000863
00000864
00000865
00000868
00000869
00000870
00000872
00000873
00000874
00000875
00000876
00000878
00000879
00000880
00000881
00000882
00000883
00000884
00000887
00000888
00000889
00000890
00000891
00000893
00000894
00000895
00000896
00000897
00000898
00000905
00000907
00000908
00000909
00000910
00000911
00000912
00000913
00000914
00000915
00000918
00000920
00000921
00000926
00000927
00000928
00000929
00000931
00000933
00000934
00000939
00000940
00000942
00000945
00000947
00000948
00000949
00000956
00000959
00000960
00000962
00000964
00000966
00000967
00000969
00000972
00000973
00000974
00000975
00000978
00000979
00000981
00000982
00000985
00000986
00000987
00000988
00000989
00000990
00000991
00000993
00000994
00000995
00000997
00000998
00001001
00001002
00001005
00001006
00001007
00001008
00001009
00001010
00001011
00001014
00001016
00001017
00001019
00001020
00001021
00001022
00001023
00001024
00001025
00001027
00001029
00001030
00001031
00001033
00001035
00001036
00001037
00001039
00001040
00001041
00001042
00001043
00001046
00001047
00001048
00001049
00001051
00001052
00001053
00001057
00001059
00001062
00001064
00001068
00001070
00001071
00001072
00001074
00001077
00001078
00001084
00001086
00001087
00001089
00001090
00001091
00001096
00001097
00001098
00001099
00001101
00001104
00001105
00001108
00001109
00001111
00001112
00001113
00001114
00001115
00001116
00001117
00001118
00001119
00001121
00001123
00001124
00001125
00001127
00001128
00001129
00001130
00001133
00001134
00001135
00001137
00001138
00001140
00001141
00001143
00001144
00001145
00001148
00001150
00001151
00001152
00001156
00001157
00001159
00001161
00001162
00001164
00001169
00001171
00001172
00001175
00001176
00001177
00001178
00001180
00001182
00001183
00001185
00001186
00001188
00001189
00001191
00001192
00001193
00001194
00001196
00001197
00001198
00001201
00001202
00001203
00001204
00001206
00001207
00001208
00001209
00001210
00001213
00001214
00001215
00001216
00001217
00001219
00001220
00001221
00001222
00001223
00001225
00001226
00001228
00001229
00001231
00001232
00001233
00001236
00001241
00001243
00001244
00001245
00001249
00001251
00001252
00001253
00001254
00001256
00001257
00001258
00001259
00001260
00001263
00001264
00001265
00001266
00001267
00001269
00001271
00001273
00001274
00001276
00001285
00001286
00001287
00001292
00001293
00001294
00001295
00001298
00001299
00001301
00001302
00001303
00001304
00001305
00001306
00001307
00001311
00001314
00001317
00001319
00001320
00001321
00001322
00001323
00001324
00001325
00001328
00001329
00001330
00001333
00001334
00001337
00001338
00001339
00001340
00001341
00001343
00001344
00001347
00001348
00001353
00001354
00001355
00001358
00001359
00001360
00001362
00001364
00001365
00001366
00001368
00001369
00001370
00001371
00001372
00001375
00001376
00001377
00001381
00001383
00001384
00001390
00001393
00001397
00001402
00001405
00001406
00001408
00001410
00001411
00001415
00001416
00001417
00001418
00001419
00001421
00001422
00001426
00001427
00001428
00001429
00001431
00001433
00001435
00001436
00001437
00001442
00001443
00001446
00001447
00001448
00001450
00001451
00001452
00001453
00001456
00001457
00001458
00001460
00001461
00001462
00001464
00001466
00001472
00001476
00001477
00001478
00001479
00001482
00001483
00001484
00001485
00001489
00001490
00001491
00001492
00001494
00001495
00001496
00001497
00001498
00001499
00001500
00001503
00001506
00001510
00001511
00001512
00001514
00001515
00001517
00001518
00001520
00001521
00001522
00001524
00001525
00001526
00001527
00001530
00001532
00001534
00001535
00001537
00001538
00001539
00001540
00001542
00001544
00001545
00001546
00001548
00001550
00001551
00001553
00001554
00001556
00001558
00001561
00001564
00001566
00001568
00001570
00001571
00001572
00001573
00001574
00001582
00001583
00001584
00001586
00001589
00001590
00001591
00001594
00001598
00001600
00001601
00001602
00001603
00001604
00001606
00001609
00001610
00001612
00001614
00001616
00001619
00001623
00001624
00001626
00001628
00001629
00001631
00001632
00001636
00001639
00001641
00001642
00001643
00001644
00001645
00001651
00001653
00001656
00001657
00001658
00001660
00001661
00001662
00001663
00001667
00001669
00001670
00001671
00001673
00001674
00001675
00001679
00001680
00001681
00001682
00001687
00001689
00001690
00001692
00001693
00001695
00001696
00001697
00001699
00001700
00001701
00001702
00001703
00001705
00001708
00001709
00001710
00001711
00001712
00001713
00001716
00001719
00001721
00001722
00001723
00001724
00001725
00001726
00001728
00001729
00001730
00001731
00001732
00001733
00001734
00001737
00001738
00001739
00001740
00001743
00001745
00001746
00001747
00001748
00001750
00001751
00001754
00001756
00001757
00001758
00001760
00001761
00001763
00001765
00001766
00001767
00001768
00001769
00001771
00001772
00001773
00001774
00001775
00001776
00001778
00001779
00001780
00001781
00001782
00001784
00001787
00001788
00001789
00001791
00001792
00001793
00001794
00001800
00001801
00001806
00001809
00001810
00001811
00001815
00001817
00001818
00001819
00001820
00001821
00001822
00001824
00001826
00001827
00001828
00001830
00001832
00001833
00001835
00001836
00001844
00001845
00001847
00001848
00001849
00001850
00001851
00001856
00001859
00001860
00001862
00001863
00001864
00001865
00001866
00001868
00001869
00001870
00001872
00001873
00001874
00001875
00001877
00001879
00001880
00001881
00001882
00001883
00001884
00001885
00001889
00001891
00001892
00001894
00001895
00001896
00001897
00001898
00001899
00001900
00001904
00001905
00001906
00001907
00001908
00001909
00001910
00001913
00001914
00001915
00001916
00001917
00001919
00001920
00001921
00001922
00001923
00001924
00001926
00001927
00001931
00001932
00001934
00001936
00001938
00001939
00001940
00001942
00001945
00001948
00001949
00001950
00001951
00001952
00001954
00001955
00001957
00001959
00001960
00001963
00001967
00001968
00001970
00001971
00001974
00001975
00001976
00001977
00001979
00001981
00001982
00001983
00001984
00001985
00001986
00001987
00001988
00001989
00001990
00001991
00001992
00001993
00001994
00001995
00001996
00001997
00001998
00001999
00002001
00002004
00002005
00002006
00002007
00002010
00002011
00002012
00002013
00002014
00002015
00002016
00002017
00002022
00002024
00002025
00002026
00002027
00002028
00002029
00002030
00002031
00002032
00002034
00002035
00002036
00002037
00002038
00002039
00002041
00002042
00002043
00002045
00002046
00002047
00002050
00002053
00002054
00002055
00002056
00002062
00002065
00002068
00002070
00002071
00002073
00002074
00002076
00002079
00002080
00002081
00002083
00002084
00002085
00002090
00002091
00002093
00002096
00002097
00002099
00002100
00002101
00002102
00002103
00002105
00002107
00002108
00002112
00002114
00002117
00002118
00002123
00002124
00002125
00002126
00002127
00002128
00002131
00002132
00002134
00002136
00002138
00002142
00002143
00002144
00002145
00002148
00002149
00002153
00002154
00002156
00002158
00002160
00002161
00002162
00002164
00002165
00002166
00002167
00002168
00002169
00002171
00002173
00002177
00002178
00002179
00002181
00002182
00002183
00002185
00002187
00002189
00002191
00002192
00002194
00002195
00002196
00002197
00002198
00002199
00002200
00002201
00002202
00002203
00002205
00002206
00002207
00002209
00002211
00002212
00002214
00002218
00002219
00002220
00002221
00002222
00002223
00002224
00002225
00002226
00002228
00002229
00002232
00002233
00002237
00002241
00002242
00002243
00002244
00002246
00002253
00002255
00002256
00002257
00002259
00002260
00002261
00002262
00002263
00002264
00002266
00002267
00002268
00002270
00002272
00002273
00002274
00002275
00002278
00002279
00002280
00002281
