00000001
00000002
00000003
00000005
00000006
00000009
00000014
00000015
00000018
00000019
00000025
00000027
00000028
00000029
00000031
00000034
00000036
00000037
00000038
00000039
00000040
00000041
00000042
00000043
00000045
00000049
00000051
00000052
00000053
00000055
00000056
00000057
00000058
00000061
00000063
00000064
00000068
00000070
00000071
00000073
00000074
00000075
00000078
00000079
00000083
00000084
00000086
00000087
00000088
00000092
00000093
00000095
00000096
00000099
00000101
00000102
00000103
00000104
00000107
00000108
00000110
00000111
00000117
00000118
00000119
00000120
00000121
00000122
00000123
00000124
00000125
00000126
00000127
00000128
00000129
00000130
00000132
00000133
00000134
00000135
00000136
00000137
00000138
00000140
00000141
00000144
00000145
00000147
00000148
00000150
00000152
00000153
00000155
00000156
00000158
00000159
00000162
00000163
00000166
00000169
00000171
00000172
00000173
00000174
00000175
00000179
00000180
00000182
00000183
00000187
00000196
00000197
00000199
00000200
00000202
00000203
00000204
00000207
00000208
00000209
00000210
00000211
00000212
00000216
00000217
00000220
00000221
00000224
00000226
00000227
00000228
00000229
00000230
00000231
00000233
00000234
00000235
00000237
00000238
00000240
00000241
00000242
00000243
00000246
00000248
00000250
00000251
00000252
00000254
00000255
00000258
00000260
00000261
00000262
00000263
00000266
00000267
00000268
00000271
00000273
00000274
00000275
00000276
00000277
00000278
00000279
00000280
00000282
00000284
00000287
00000289
00000290
00000291
00000292
00000295
00000300
00000301
00000305
00000306
00000308
00000309
00000310
00000312
00000313
00000314
00000316
00000317
00000318
00000319
00000320
00000321
00000325
00000326
00000327
00000328
00000329
00000330
00000331
00000332
00000334
00000335
00000337
00000338
00000339
00000341
00000343
00000344
00000345
00000346
00000347
00000348
00000350
00000351
00000355
00000357
00000358
00000359
00000360
00000363
00000364
00000365
00000368
00000371
00000374
00000375
00000377
00000378
00000379
00000384
00000386
00000387
00000388
00000389
00000390
00000391
00000392
00000393
00000394
00000396
00000397
00000398
00000401
00000403
00000404
00000406
00000407
00000408
00000409
00000410
00000411
00000412
00000413
00000414
00000415
00000417
00000418
00000421
00000422
00000423
00000424
00000425
00000428
00000429
00000430
00000433
00000434
00000435
00000440
00000442
00000443
00000444
00000449
00000450
00000451
00000452
00000453
00000454
00000455
00000456
00000457
00000458
00000459
00000460
00000461
00000462
00000464
00000468
00000470
00000472
00000473
00000474
00000475
00000477
00000479
00000481
00000483
00000484
00000487
00000489
00000490
00000491
00000492
00000493
00000494
00000495
00000496
00000498
00000499
00000500
00000502
00000504
00000505
00000506
00000507
00000508
00000509
00000511
00000514
00000515
00000516
00000517
00000518
00000520
00000521
00000522
00000523
00000524
00000525
00000526
00000528
00000530
00000531
00000533
00000534
00000535
00000536
00000537
00000540
00000541
00000542
00000543
00000547
00000548
00000549
00000550
00000555
00000556
00000557
00000559
00000560
00000562
00000563
00000564
00000565
00000566
00000568
00000570
00000571
00000572
00000573
00000574
00000577
00000578
00000581
00000582
00000583
00000584
00000585
00000587
00000589
00000591
00000592
00000593
00000594
00000595
00000596
00000597
00000599
00000600
00000601
00000602
00000604
00000605
00000606
00000607
00000609
00000612
00000613
00000614
00000620
00000622
00000623
00000626
00000631
00000632
00000636
00000637
00000638
00000640
00000646
00000647
00000648
00000650
00000651
00000652
00000653
00000654
00000655
00000656
00000657
00000659
00000660
00000664
00000665
00000666
00000668
00000669
00000671
00000672
00000673
00000674
00000677
00000678
00000679
00000681
00000683
00000685
00000686
00000687
00000692
00000693
00000695
00000696
00000697
00000700
00000701
00000703
00000705
00000706
00000707
00000708
00000711
00000712
00000713
00000714
00000715
00000720
00000722
00000726
00000727
00000728
00000729
00000730
00000731
00000734
00000735
00000736
00000737
00000738
00000739
00000740
00000741
00000742
00000746
00000747
00000749
00000752
00000754
00000756
00000758
00000759
00000762
00000763
00000764
00000765
00000768
00000771
00000772
00000773
00000775
00000777
00000779
00000781
00000783
00000784
00000785
00000787
00000788
00000790
00000791
00000793
00000794
00000797
00000800
00000802
00000803
00000804
00000807
00000808
00000810
00000811
00000814
00000815
00000816
00000817
00000820
00000821
00000823
00000825
00000826
00000827
00000829
00000830
00000831
00000832
00000833
00000836
00000838
00000839
00000840
00000842
00000844
00000846
00000847
00000848
00000849
00000850
00000851
00000854
00000855
00000856
00000857
00000858
00000860
00000862
00000864
00000867
00000870
00000871
00000873
00000874
00000876
00000877
00000878
00000880
00000882
00000883
00000884
00000888
00000890
00000893
00000895
00000896
00000898
00000900
00000902
00000904
00000908
00000909
00000910
00000911
00000914
00000915
00000916
00000917
00000918
00000919
00000920
00000921
00000922
00000923
00000925
00000928
00000931
00000932
00000933
00000934
00000936
00000937
00000938
00000940
00000944
00000946
00000947
00000948
00000949
00000950
00000951
00000952
00000953
00000955
00000957
00000958
00000959
00000963
00000970
00000971
00000972
00000973
00000974
00000975
00000977
00000979
00000980
00000981
00000982
00000984
00000985
00000986
00000987
00000993
00000994
00000996
00000998
00001000
00001001
00001003
00001005
00001008
00001009
00001010
00001011
00001012
00001013
00001014
00001016
00001017
00001019
00001020
00001023
00001024
00001025
00001026
00001032
00001034
00001035
00001036
00001037
00001041
00001043
00001044
00001046
00001047
00001049
00001050
00001051
00001053
00001054
00001055
00001057
00001058
00001059
00001060
00001061
00001062
00001063
00001064
00001065
00001066
00001068
00001070
00001071
00001073
00001077
00001081
00001083
00001087
00001088
00001089
00001090
00001092
00001093
00001094
00001096
00001097
00001099
00001100
00001101
00001103
00001104
00001106
00001110
00001112
00001113
00001114
00001115
00001116
00001118
00001123
00001124
00001125
00001126
00001127
00001130
00001131
00001134
00001137
00001138
00001142
00001143
00001144
00001145
00001146
00001150
00001152
00001154
00001155
00001156
00001157
00001159
00001160
00001161
00001164
00001166
00001168
00001171
00001172
00001175
00001176
00001180
00001181
00001182
00001183
00001187
00001188
00001190
00001191
00001193
00001194
00001195
00001196
00001197
00001198
00001199
00001200
00001201
00001203
00001205
00001206
00001207
00001208
00001209
00001210
00001211
00001212
00001213
00001214
00001216
00001217
00001221
00001222
00001226
00001230
00001231
00001232
00001233
00001234
00001237
00001238
00001240
00001241
00001242
00001243
00001244
00001245
00001248
00001250
00001251
00001252
00001253
00001254
00001255
00001256
00001257
00001260
00001264
00001265
00001268
00001270
00001272
00001273
00001276
00001277
00001279
00001284
00001285
00001286
00001287
00001289
00001292
00001293
00001294
00001295
00001296
00001298
00001300
00001302
00001304
00001306
00001307
00001308
00001309
00001310
00001311
00001312
00001313
00001314
00001317
00001319
00001321
00001325
00001326
00001328
00001329
00001332
00001333
00001335
00001336
00001337
00001339
00001340
00001342
00001344
00001347
00001349
00001350
00001351
00001353
00001354
00001356
00001358
00001364
00001365
00001367
00001368
00001371
00001373
00001374
00001375
00001376
00001382
00001383
00001387
00001388
00001389
00001390
00001391
00001392
00001393
00001394
00001395
00001396
00001401
00001403
00001404
00001405
00001406
00001407
00001409
00001411
00001414
00001417
00001418
00001420
00001421
00001427
00001429
00001430
00001431
00001433
00001434
00001436
00001437
00001438
00001439
00001443
00001444
00001445
00001446
00001448
00001449
00001454
00001456
00001458
00001459
00001460
00001462
00001463
00001465
00001468
00001471
00001472
00001473
00001476
00001477
00001479
00001484
00001486
00001487
00001488
00001489
00001490
00001492
00001495
00001496
00001498
00001501
00001502
00001504
00001505
00001507
00001508
00001511
00001513
00001514
00001515
00001516
00001518
00001519
00001523
00001524
00001527
00001529
00001531
00001533
00001535
00001537
00001539
00001540
00001542
00001543
00001546
00001547
00001548
00001553
00001554
00001555
00001559
00001560
00001562
00001563
00001564
00001565
00001566
00001567
00001568
00001569
00001570
00001574
00001576
00001577
00001578
00001580
00001581
00001585
00001586
00001587
00001588
00001589
00001591
00001594
00001595
00001600
00001602
00001604
00001606
00001608
00001609
00001610
00001612
00001614
00001615
00001617
00001618
00001620
00001622
00001627
00001629
00001630
00001631
00001632
00001633
00001634
00001638
00001639
00001640
00001641
00001642
00001644
00001645
00001647
00001650
00001652
00001653
00001654
00001655
00001656
00001657
00001658
00001662
00001663
00001665
00001666
00001667
00001668
00001670
00001671
00001672
00001673
00001675
00001676
00001680
00001682
00001683
00001687
00001689
00001690
00001692
00001693
00001694
00001695
00001696
00001697
00001700
00001702
00001704
00001705
00001707
00001708
00001709
00001710
00001711
00001712
00001713
00001714
00001715
00001716
00001717
00001718
00001720
00001721
00001722
00001723
00001725
00001728
00001729
00001730
00001733
00001735
00001736
00001738
00001739
00001740
00001742
00001744
00001745
00001746
00001748
00001749
00001750
00001751
00001752
00001753
00001755
00001756
00001758
00001759
00001760
00001761
00001764
00001765
00001766
00001767
00001768
00001771
00001773
00001774
00001777
00001778
00001779
00001780
00001782
00001783
00001784
00001785
00001786
00001787
00001788
00001789
00001792
00001793
00001796
00001797
00001798
00001799
00001800
00001803
00001804
00001810
00001811
00001812
00001815
00001816
00001818
00001819
00001820
00001821
00001823
00001824
00001825
00001826
00001827
00001828
00001830
00001831
00001833
00001834
00001836
00001839
00001840
00001841
00001843
00001845
00001846
00001847
00001848
00001850
00001851
00001852
00001853
00001858
00001859
00001860
00001862
00001864
00001866
00001867
00001870
00001875
00001880
00001883
00001885
00001886
00001890
00001891
00001892
00001893
00001894
00001895
00001899
00001900
00001901
00001903
00001904
00001905
00001906
00001907
00001912
00001913
00001914
00001915
00001916
00001917
00001919
00001921
00001922
00001923
00001926
00001927
00001928
00001930
00001932
00001933
00001934
00001935
00001938
00001941
00001942
00001943
00001944
00001947
00001949
00001951
00001952
00001954
00001956
00001957
00001958
00001959
00001961
00001964
00001965
00001967
00001968
00001969
00001978
00001979
00001980
00001981
00001982
00001983
00001984
00001988
00001989
00001993
00001994
00001995
00001996
00001997
00001998
00002001
00002002
00002005
00002006
00002007
00002010
00002012
00002013
00002018
00002020
00002026
00002027
00002028
00002030
00002031
00002034
00002035
00002036
00002037
00002038
00002040
00002042
00002043
00002044
00002045
00002047
00002049
00002050
00002051
00002052
00002054
00002058
00002060
00002061
00002062
00002063
00002065
00002066
00002067
00002068
00002070
00002071
00002072
00002073
00002074
00002078
00002079
00002080
00002084
00002086
00002087
00002089
00002090
00002091
00002092
00002093
00002094
00002095
00002098
00002100
00002102
00002103
00002105
00002106
00002107
00002108
00002109
00002110
00002112
00002114
00002116
00002117
00002122
00002123
00002127
00002128
00002129
00002130
00002132
00002133
00002134
00002135
00002136
00002137
00002138
00002140
00002141
00002142
00002143
00002147
00002148
00002152
00002153
00002154
00002155
00002157
00002162
00002165
00002166
00002167
00002171
00002173
00002174
00002175
00002176
00002177
00002179
00002182
00002183
00002186
00002187
00002188
00002195
00002199
00002200
00002204
00002206
00002208
00002209
00002211
00002213
00002214
00002215
00002217
00002218
00002219
00002221
00002222
00002223
00002224
00002227
00002230
00002231
00002232
00002233
00002235
00002237
00002239
00002241
00002244
00002245
00002247
00002249
00002251
00002252
00002254
00002255
00002257
00002258
00002260
00002261
00002262
00002263
00002265
00002266
00002269
00002275
00002278
00002280
00002281
