00000002
00000007
00000008
00000010
00000011
00000012
00000014
00000016
00000017
00000018
00000020
00000022
00000024
00000026
00000027
00000028
00000032
00000033
00000034
00000035
00000036
00000038
00000040
00000041
00000044
00000045
00000047
00000050
00000056
00000057
00000060
00000061
00000062
00000063
00000064
00000066
00000068
00000071
00000072
00000074
00000075
00000076
00000077
00000080
00000082
00000083
00000085
00000088
00000089
00000091
00000092
00000095
00000098
00000099
00000101
00000102
00000103
00000105
00000106
00000107
00000108
00000110
00000111
00000113
00000115
00000116
00000117
00000118
00000119
00000120
00000122
00000123
00000124
00000125
00000126
00000129
00000132
00000133
00000134
00000135
00000137
00000139
00000141
00000142
00000143
00000144
00000148
00000150
00000154
00000155
00000157
00000158
00000159
00000160
00000161
00000163
00000165
00000166
00000167
00000175
00000176
00000178
00000179
00000181
00000182
00000183
00000184
00000187
00000188
00000195
00000200
00000201
00000203
00000208
00000209
00000213
00000214
00000219
00000222
00000223
00000224
00000225
00000226
00000227
00000228
00000230
00000231
00000234
00000236
00000237
00000238
00000239
00000241
00000242
00000243
00000244
00000246
00000247
00000248
00000249
00000251
00000252
00000253
00000254
00000257
00000259
00000260
00000262
00000265
00000270
00000272
00000273
00000274
00000275
00000276
00000277
00000281
00000282
00000283
00000284
00000285
00000287
00000288
00000289
00000290
00000292
00000293
00000294
00000295
00000296
00000300
00000302
00000304
00000305
00000312
00000313
00000316
00000319
00000320
00000321
00000323
00000324
00000325
00000327
00000330
00000331
00000338
00000339
00000341
00000342
00000345
00000349
00000350
00000351
00000353
00000354
00000355
00000357
00000358
00000359
00000360
00000361
00000362
00000363
00000364
00000365
00000366
00000367
00000368
00000370
00000371
00000373
00000374
00000377
00000378
00000379
00000380
00000381
00000382
00000383
00000384
00000385
00000386
00000390
00000392
00000395
00000399
00000402
00000403
00000404
00000410
00000418
00000421
00000422
00000423
00000424
00000430
00000431
00000434
00000435
00000436
00000437
00000438
00000440
00000441
00000444
00000445
00000446
00000447
00000448
00000449
00000450
00000451
00000452
00000453
00000455
00000456
00000457
00000458
00000459
00000460
00000461
00000462
00000464
00000465
00000466
00000467
00000469
00000470
00000472
00000473
00000474
00000476
00000477
00000478
00000480
00000481
00000483
00000484
00000486
00000487
00000489
00000490
00000493
00000494
00000498
00000502
00000503
00000504
00000505
00000509
00000511
00000512
00000515
00000516
00000518
00000519
00000520
00000521
00000522
00000523
00000524
00000526
00000527
00000529
00000530
00000531
00000532
00000533
00000535
00000537
00000539
00000540
00000543
00000546
00000547
00000548
00000549
00000551
00000552
00000555
00000556
00000557
00000558
00000559
00000560
00000561
00000562
00000563
00000564
00000566
00000567
00000568
00000573
00000575
00000576
00000577
00000579
00000580
00000583
00000584
00000589
00000590
00000591
00000592
00000594
00000595
00000597
00000599
00000600
00000602
00000603
00000604
00000605
00000607
00000608
00000609
00000611
00000612
00000613
00000614
00000615
00000616
00000617
00000618
00000621
00000623
00000626
00000627
00000628
00000629
00000630
00000632
00000634
00000635
00000636
00000637
00000638
00000639
00000640
00000641
00000642
00000643
00000647
00000648
00000649
00000650
00000651
00000655
00000656
00000659
00000661
00000662
00000664
00000665
00000669
00000670
00000671
00000674
00000675
00000676
00000677
00000678
00000679
00000683
00000685
00000686
00000687
00000689
00000690
00000692
00000693
00000694
00000695
00000699
00000700
00000702
00000703
00000704
00000707
00000708
00000709
00000710
00000711
00000713
00000718
00000719
00000720
00000721
00000723
00000724
00000727
00000728
00000729
00000733
00000737
00000738
00000739
00000741
00000742
00000746
00000747
00000748
00000752
00000754
00000756
00000758
00000759
00000760
00000763
00000764
00000768
00000769
00000771
00000772
00000774
00000775
00000778
00000780
00000781
00000783
00000785
00000786
00000789
00000791
00000792
00000796
00000799
00000800
00000801
00000803
00000804
00000805
00000807
00000812
00000813
00000815
00000817
00000818
00000819
00000820
00000821
00000823
00000826
00000827
00000828
00000829
00000831
00000832
00000835
00000837
00000838
00000839
00000840
00000841
00000842
00000844
00000846
00000848
00000849
00000851
00000852
00000853
00000854
00000856
00000857
00000859
00000860
00000861
00000864
00000866
00000868
00000869
00000870
00000871
00000873
00000874
00000876
00000877
00000879
00000881
00000882
00000883
00000884
00000885
00000887
00000888
00000891
00000892
00000896
00000901
00000902
00000903
00000905
00000906
00000907
00000910
00000912
00000913
00000914
00000915
00000916
00000917
00000918
00000919
00000923
00000926
00000930
00000935
00000936
00000939
00000940
00000941
00000942
00000943
00000944
00000946
00000947
00000948
00000951
00000954
00000955
00000956
00000957
00000958
00000959
00000960
00000961
00000962
00000963
00000964
00000965
00000966
00000969
00000970
00000975
00000976
00000977
00000978
00000979
00000980
00000981
00000982
00000983
00000984
00000985
00000986
00000989
00000990
00000991
00000992
00000995
00000996
00000997
00000998
00000999
00001002
00001003
00001006
00001008
00001009
00001011
00001012
00001013
00001015
00001016
00001017
00001018
00001019
00001021
00001022
00001025
00001027
00001029
00001030
00001031
00001032
00001033
00001035
00001036
00001038
00001040
00001043
00001044
00001045
00001046
00001049
00001050
00001051
00001052
00001054
00001055
00001056
00001058
00001059
00001060
00001061
00001062
00001065
00001068
00001070
00001072
00001073
00001074
00001075
00001076
00001077
00001078
00001082
00001084
00001086
00001087
00001093
00001094
00001095
00001096
00001097
00001100
00001101
00001102
00001104
00001105
00001106
00001107
00001108
00001110
00001111
00001113
00001114
00001115
00001118
00001119
00001121
00001123
00001124
00001125
00001126
00001127
00001130
00001131
00001132
00001133
00001135
00001136
00001139
00001140
00001141
00001142
00001143
00001145
00001150
00001152
00001153
00001154
00001155
00001156
00001158
00001159
00001160
00001165
00001166
00001168
00001169
00001172
00001173
00001174
00001178
00001180
00001181
00001182
00001185
00001186
00001188
00001190
00001192
00001194
00001195
00001197
00001198
00001201
00001202
00001203
00001205
00001206
00001209
00001210
00001211
00001212
00001214
00001220
00001221
00001224
00001226
00001227
00001229
00001231
00001234
00001235
00001237
00001239
00001241
00001244
00001245
00001246
00001248
00001252
00001254
00001258
00001259
00001260
00001261
00001264
00001266
00001268
00001269
00001270
00001271
00001273
00001274
00001277
00001278
00001280
00001283
00001285
00001287
00001289
00001292
00001294
00001295
00001296
00001297
00001301
00001302
00001304
00001305
00001306
00001309
00001312
00001313
00001314
00001315
00001316
00001317
00001318
00001319
00001320
00001321
00001322
00001324
00001325
00001327
00001329
00001331
00001332
00001333
00001335
00001337
00001338
00001339
00001342
00001344
00001346
00001347
00001348
00001349
00001350
00001353
00001354
00001356
00001357
00001359
00001361
00001362
00001363
00001364
00001365
00001367
00001369
00001370
00001371
00001373
00001374
00001376
00001377
00001379
00001381
00001382
00001383
00001384
00001385
00001386
00001387
00001390
00001394
00001395
00001396
00001397
00001398
00001401
00001402
00001404
00001405
00001406
00001407
00001408
00001409
00001410
00001411
00001413
00001416
00001417
00001418
00001420
00001421
00001422
00001423
00001424
00001425
00001426
00001427
00001429
00001431
00001433
00001434
00001435
00001439
00001440
00001441
00001446
00001447
00001448
00001449
00001451
00001452
00001453
00001454
00001455
00001457
00001458
00001459
00001460
00001462
00001463
00001464
00001465
00001466
00001468
00001469
00001470
00001473
00001474
00001476
00001478
00001479
00001484
00001485
00001486
00001487
00001488
00001489
00001490
00001491
00001492
00001493
00001494
00001495
00001496
00001497
00001498
00001501
00001502
00001503
00001504
00001505
00001506
00001508
00001509
00001512
00001513
00001514
00001515
00001517
00001521
00001523
00001524
00001525
00001526
00001527
00001530
00001531
00001532
00001533
00001535
00001537
00001538
00001539
00001540
00001541
00001542
00001543
00001544
00001549
00001550
00001553
00001554
00001555
00001556
00001560
00001561
00001569
00001571
00001573
00001576
00001577
00001578
00001579
00001581
00001582
00001583
00001585
00001586
00001589
00001590
00001592
00001593
00001596
00001598
00001601
00001602
00001603
00001604
00001606
00001607
00001609
00001610
00001611
00001612
00001613
00001614
00001615
00001616
00001617
00001621
00001622
00001623
00001624
00001628
00001630
00001631
00001633
00001634
00001635
00001637
00001644
00001646
00001650
00001651
00001652
00001653
00001654
00001655
00001656
00001658
00001659
00001660
00001662
00001663
00001666
00001668
00001669
00001672
00001674
00001677
00001679
00001680
00001681
00001683
00001685
00001686
00001689
00001690
00001691
00001696
00001697
00001698
00001700
00001703
00001704
00001705
00001709
00001711
00001712
00001713
00001715
00001718
00001720
00001721
00001723
00001727
00001728
00001731
00001732
00001733
00001734
00001736
00001737
00001741
00001742
00001743
00001744
00001746
00001747
00001751
00001753
00001756
00001758
00001760
00001763
00001764
00001765
00001767
00001769
00001772
00001774
00001775
00001776
00001777
00001778
00001781
00001782
00001783
00001784
00001786
00001787
00001789
00001792
00001795
00001796
00001798
00001801
00001803
00001804
00001807
00001809
00001810
00001811
00001812
00001815
00001817
00001819
00001822
00001823
00001825
00001827
00001828
00001829
00001831
00001835
00001837
00001841
00001842
00001843
00001845
00001846
00001848
00001849
00001851
00001853
00001854
00001855
00001859
00001861
00001862
00001864
00001865
00001866
00001868
00001870
00001871
00001873
00001875
00001876
00001878
00001879
00001880
00001881
00001882
00001886
00001887
00001888
00001890
00001891
00001893
00001894
00001895
00001896
00001897
00001901
00001902
00001903
00001905
00001906
00001907
00001909
00001910
00001911
00001914
00001915
00001917
00001918
00001919
00001920
00001921
00001922
00001924
00001925
00001927
00001928
00001931
00001934
00001935
00001936
00001937
00001941
00001942
00001945
00001946
00001947
00001949
00001951
00001952
00001954
00001957
00001958
00001959
00001962
00001963
00001967
00001968
00001969
00001970
00001971
00001972
00001974
00001976
00001977
00001978
00001979
00001980
00001981
00001984
00001985
00001987
00001988
00001990
00001991
00001992
00001993
00001997
00001998
00002000
00002001
00002002
00002003
00002004
00002005
00002006
00002007
00002008
00002009
00002010
00002012
00002014
00002015
00002016
00002017
00002024
00002025
00002026
00002028
00002029
00002032
00002033
00002035
00002036
00002040
00002044
00002045
00002047
00002048
00002049
00002050
00002052
00002053
00002055
00002056
00002057
00002058
00002059
00002062
00002064
00002066
00002067
00002071
00002072
00002075
00002076
00002077
00002079
00002080
00002081
00002082
00002083
00002085
00002087
00002091
00002093
00002094
00002095
00002097
00002098
00002099
00002100
00002101
00002102
00002104
00002107
00002115
00002116
00002118
00002119
00002120
00002121
00002122
00002127
00002128
00002131
00002132
00002133
00002134
00002137
00002138
00002139
00002140
00002143
00002144
00002145
00002147
00002148
00002150
00002152
00002157
00002158
00002159
00002161
00002163
00002165
00002166
00002167
00002168
00002169
00002170
00002172
00002173
00002174
00002178
00002179
00002181
00002184
00002185
00002186
00002187
00002189
00002190
00002191
00002193
00002195
00002197
00002198
00002199
00002202
00002205
00002206
00002207
00002208
00002209
00002211
00002214
00002216
00002217
00002221
00002223
00002224
00002225
00002226
00002227
00002233
00002234
00002235
00002237
00002240
00002241
00002242
00002243
00002244
00002245
00002247
00002248
00002249
00002250
00002251
00002252
00002256
00002259
00002260
00002262
00002265
00002267
00002270
00002271
00002272
00002273
00002274
00002276
00002277
00002278
00002281
00002282
00002283
00002284
