1
2
3
4
5
6
7
9
11
12
13
15
16
17
18
19
20
21
22
23
24
25
26
27
28
29
30
31
32
33
34
35
36
37
39
40
41
42
43
44
46
48
51
52
53
54
56
57
58
59
61
62
63
64
65
66
67
69
70
71
72
75
76
77
78
79
80
81
84
85
86
87
88
89
90
91
92
93
94
95
96
97
98
101
102
104
105
106
107
108
109
110
111
113
114
115
116
117
118
120
122
123
124
126
127
128
129
132
134
135
136
137
138
139
140
141
142
143
144
145
146
147
148
149
150
151
152
153
154
155
156
157
158
160
161
162
163
164
165
167
168
169
170
171
174
175
176
177
180
181
182
183
184
185
186
187
188
189
190
191
192
194
195
201
202
203
204
205
206
207
208
209
210
211
212
213
214
215
217
218
219
220
221
222
223
224
225
226
227
228
229
230
232
233
234
236
239
240
241
242
243
244
245
246
247
248
249
250
253
254
256
257
258
259
260
261
262
263
264
265
267
268
269
270
271
272
273
275
276
277
278
279
281
282
283
285
286
287
288
290
291
293
294
296
298
299
300
301
302
303
304
305
306
307
308
313
314
315
316
318
319
320
321
323
324
325
326
327
328
329
330
332
333
334
335
336
337
338
339
340
341
342
343
347
348
350
351
352
353
354
355
357
358
359
360
361
362
364
365
366
367
368
369
370
373
375
376
377
378
379
380
382
383
384
386
387
388
390
392
393
394
396
398
399
400
401
402
403
404
405
406
407
408
409
411
412
414
415
416
417
418
419
420
421
422
423
424
425
426
427
428
429
430
431
432
434
435
436
437
438
439
440
442
444
445
446
447
448
450
451
453
455
456
459
460
461
462
463
464
465
466
467
468
469
470
471
472
473
474
475
477
478
479
480
481
482
483
484
485
486
489
490
491
492
493
494
496
497
500
501
502
503
504
505
506
507
508
509
511
513
514
516
517
518
519
520
521
523
524
525
527
528
530
531
533
535
540
541
542
543
544
545
546
547
548
549
550
551
553
554
555
556
557
558
559
560
561
562
564
565
566
567
568
569
570
571
572
573
577
578
580
581
583
584
585
589
590
591
592
593
594
596
597
598
600
601
602
603
604
605
606
608
609
611
612
613
614
615
616
617
618
619
620
622
623
624
625
628
629
630
631
632
633
634
636
638
639
641
642
643
644
646
647
648
649
651
652
653
654
656
657
658
659
661
662
663
664
665
667
668
669
670
671
672
673
676
677
678
681
682
684
685
686
694
695
697
698
699
700
701
702
703
704
705
707
708
709
710
712
713
714
715
