1
2
3
4
5
7
8
9
10
11
12
13
14
15
16
17
18
19
20
22
23
25
26
27
28
29
30
31
32
33
34
35
36
37
38
40
41
42
43
44
45
46
47
48
49
51
53
54
55
56
57
59
61
62
63
64
65
66
67
69
70
72
73
75
76
77
78
79
80
81
82
84
85
86
88
89
90
92
93
94
95
96
97
98
99
101
102
103
104
105
107
108
109
110
111
112
113
114
115
116
117
118
119
121
122
123
124
127
128
129
130
131
132
133
134
137
140
141
142
143
144
145
147
148
149
150
151
152
153
155
157
159
160
161
162
163
165
166
167
169
171
172
173
176
178
180
181
182
183
184
186
187
188
189
191
192
194
196
197
198
200
203
204
205
206
207
209
210
211
212
213
214
215
216
217
218
219
220
221
222
223
224
225
226
227
228
229
230
232
233
234
235
236
237
238
240
242
243
247
248
250
253
254
256
258
259
260
261
263
264
265
266
267
268
269
270
271
273
276
277
278
281
283
284
286
287
288
289
290
291
292
293
295
296
298
301
302
305
306
308
309
310
313
314
316
318
319
320
323
325
326
328
330
331
333
334
335
336
337
338
339
340
341
343
344
345
346
347
348
350
351
352
353
354
356
357
358
360
361
362
363
364
365
366
367
368
369
370
372
373
374
375
376
377
379
380
381
382
383
384
385
386
387
388
389
390
391
392
393
395
396
397
398
399
400
401
402
403
404
405
406
407
409
410
411
412
414
415
416
417
418
419
420
421
422
423
424
425
426
427
428
430
431
432
433
434
435
436
437
438
439
440
441
443
444
445
446
447
449
450
454
455
456
457
459
460
461
462
463
464
465
467
468
469
470
471
472
473
474
475
476
478
479
480
481
483
484
485
486
487
488
490
492
493
494
495
496
497
498
499
500
502
503
504
505
506
507
509
510
511
513
514
515
516
517
518
519
522
523
524
525
527
528
529
530
531
532
533
535
536
537
539
540
541
542
544
545
546
548
549
552
553
554
556
557
558
560
561
562
563
565
566
567
568
569
570
572
573
574
575
576
578
580
581
582
584
585
586
588
589
590
591
592
593
594
596
597
598
599
600
601
602
603
604
605
606
607
608
609
610
611
612
613
614
615
617
618
619
621
622
623
624
625
627
629
632
633
634
635
636
637
639
640
641
642
644
645
646
649
651
652
653
654
655
657
658
661
662
663
664
666
667
668
669
670
671
672
673
675
677
678
679
680
681
683
684
685
686
687
689
690
692
693
694
695
696
697
698
699
700
701
702
703
704
705
706
707
708
709
713
714
715
