1
2
4
5
6
7
10
11
12
13
15
16
18
19
20
21
23
24
25
26
27
28
29
33
34
37
38
40
41
42
43
45
48
49
50
51
52
53
55
56
57
58
59
60
61
62
63
64
65
66
67
68
69
71
72
73
74
75
77
78
79
80
81
82
84
85
87
88
89
90
91
92
93
94
95
96
97
98
99
100
102
104
105
106
107
109
111
112
113
115
116
117
118
119
120
121
122
123
124
125
126
127
128
129
130
131
132
133
134
135
136
137
138
141
142
143
144
145
147
148
149
150
152
153
154
155
156
157
158
159
162
163
164
165
167
168
170
173
174
175
176
179
180
181
182
183
184
185
186
187
188
189
190
191
193
194
195
196
197
198
199
200
202
203
204
206
207
211
212
214
217
218
219
222
223
224
225
226
227
230
231
232
234
235
236
237
238
240
241
242
243
244
245
246
247
248
250
251
252
253
256
257
258
260
262
263
264
265
266
267
268
269
270
271
272
273
274
275
277
278
279
280
282
284
285
286
287
288
289
290
291
293
294
297
298
299
300
301
302
304
305
307
309
310
311
312
313
314
315
316
317
318
319
320
321
322
323
324
325
326
327
328
329
330
331
332
333
334
335
337
338
339
340
341
343
344
345
347
348
349
350
351
352
354
355
356
358
359
360
361
362
366
367
368
369
370
371
373
374
375
376
377
378
379
380
381
382
383
384
385
386
387
388
389
391
392
393
394
395
396
397
398
399
400
402
404
406
408
409
410
411
412
413
414
415
416
417
418
419
420
421
422
423
425
426
427
428
429
430
431
432
433
434
435
436
437
439
440
441
442
443
444
445
446
448
451
453
454
455
456
457
458
459
460
461
462
464
466
467
468
469
471
473
474
475
476
477
480
481
482
483
484
485
486
488
489
490
491
492
493
494
495
496
497
498
501
503
504
505
506
507
508
509
511
513
515
518
519
520
521
523
524
525
527
529
530
531
534
535
536
537
538
539
540
541
542
544
545
546
547
548
552
553
554
555
556
557
559
562
564
565
566
567
568
569
570
571
573
574
575
576
577
579
580
581
582
583
584
585
586
588
589
590
591
592
596
597
598
599
600
601
602
604
605
606
608
609
610
611
612
613
614
615
616
618
619
620
621
623
624
625
627
629
631
632
635
636
639
641
642
643
644
645
646
647
648
649
650
651
652
654
655
656
657
658
659
660
661
662
663
664
665
666
667
668
669
670
671
672
675
676
678
680
681
682
683
684
687
688
690
692
693
694
695
696
697
698
699
700
701
702
703
704
705
706
708
709
710
711
712
713
714
