1
2
3
5
6
7
8
10
11
12
13
14
15
16
17
18
19
20
21
22
23
24
25
26
27
28
30
31
32
33
34
35
37
38
39
40
41
42
43
44
45
46
47
48
49
50
51
52
53
55
57
58
59
61
62
63
64
65
68
69
70
72
73
74
75
78
79
80
82
83
85
86
87
88
89
90
91
92
93
96
97
98
99
100
101
102
103
105
106
107
108
110
111
112
113
114
115
117
118
119
120
121
122
123
124
125
126
127
128
131
132
133
134
136
138
139
140
141
142
144
145
147
148
151
153
154
155
156
157
158
159
160
161
162
163
164
167
168
170
172
173
174
175
176
177
178
179
181
182
183
184
185
186
187
189
190
191
192
193
194
195
196
197
198
199
200
201
202
203
204
205
206
207
208
209
210
211
212
213
214
216
218
219
222
223
224
226
228
229
230
231
232
233
235
236
237
238
239
240
241
242
243
244
245
246
247
248
249
250
251
252
253
255
256
257
258
259
261
262
263
264
266
267
268
269
270
272
273
274
277
278
279
281
282
284
285
287
288
289
290
291
292
293
294
295
296
297
299
301
302
303
304
307
308
310
312
315
316
318
319
321
322
323
326
327
328
330
332
334
335
337
338
339
340
341
342
344
345
346
348
349
350
352
353
354
355
356
359
361
362
363
364
365
368
369
370
371
372
373
374
375
376
377
378
379
380
381
382
383
384
385
386
387
389
390
391
392
393
395
396
397
398
399
402
403
404
405
406
407
408
409
410
411
412
413
414
415
417
418
419
420
421
423
424
425
426
427
428
430
431
433
434
435
436
437
439
442
443
444
445
446
447
449
450
451
452
453
454
455
456
458
462
463
464
467
468
469
471
472
473
474
475
477
478
479
480
481
482
484
486
488
489
490
491
492
493
496
497
498
499
500
501
502
503
505
506
507
508
510
512
513
516
517
518
519
520
523
524
525
527
529
530
533
534
536
537
538
539
540
541
542
544
545
546
547
548
550
551
553
554
555
556
558
559
560
562
563
564
566
567
568
569
570
571
573
574
575
576
577
578
579
580
582
585
586
587
588
590
591
592
595
597
598
600
601
602
603
604
605
606
607
608
610
611
613
614
615
616
617
618
619
620
621
622
625
626
627
628
630
631
632
633
634
635
636
637
638
639
640
641
642
643
644
645
646
647
649
650
651
652
653
654
655
656
659
661
662
663
665
666
667
668
669
670
671
673
674
676
677
678
679
680
682
683
684
686
687
688
689
690
691
692
693
695
696
697
698
699
700
701
702
703
704
705
706
707
709
710
712
713
714
715
