2
3
5
6
8
9
10
12
13
16
17
18
19
20
21
22
23
24
25
26
27
29
30
31
32
35
36
37
39
41
42
43
44
45
46
49
50
51
53
54
55
56
57
59
60
61
62
63
64
65
67
69
70
71
72
73
74
75
76
77
78
79
80
82
83
84
87
88
89
90
91
92
93
94
96
97
98
99
101
102
103
104
105
107
108
109
110
111
112
114
115
116
117
118
119
121
122
123
124
125
126
127
128
129
130
131
132
133
134
136
137
138
139
140
141
142
143
144
145
147
148
149
152
153
154
155
157
158
159
160
161
162
163
164
165
166
167
168
169
170
171
174
176
177
178
179
180
181
182
183
184
185
186
187
188
189
190
191
192
193
195
197
199
200
201
202
203
204
206
207
208
209
210
211
212
213
214
215
216
218
220
222
223
224
225
227
228
230
231
232
233
234
236
237
238
239
240
241
242
243
244
247
248
249
250
251
252
253
254
255
256
257
258
259
260
261
262
264
265
268
270
271
272
273
274
277
278
279
280
282
284
285
286
287
289
290
291
292
293
294
295
297
300
301
302
303
304
305
306
308
309
311
313
314
315
317
318
319
321
323
324
325
326
327
328
329
331
332
333
334
335
336
337
338
340
341
342
343
344
345
347
348
349
350
353
354
355
356
357
358
359
361
362
363
364
365
367
368
369
371
372
373
374
375
376
378
379
380
381
382
383
384
385
386
388
389
390
391
392
393
394
395
396
397
400
401
402
403
404
406
407
409
410
412
413
414
415
416
418
419
420
421
423
425
426
428
430
431
432
433
434
435
436
437
438
439
440
441
442
443
444
445
446
447
448
449
450
452
453
454
456
457
460
461
462
463
464
465
466
467
468
469
471
472
473
474
476
477
478
479
480
482
483
484
486
487
488
489
490
493
495
497
498
499
500
501
502
503
504
505
507
508
509
510
511
512
513
514
515
516
517
518
519
520
521
522
523
524
526
527
528
529
530
531
532
533
534
535
539
540
541
542
543
544
546
547
548
550
551
552
555
556
557
559
560
561
564
565
566
568
569
570
571
572
573
574
575
576
577
578
581
582
583
584
585
586
587
588
589
590
591
592
594
595
597
598
599
600
605
606
607
608
609
610
611
612
613
614
615
616
617
618
620
621
622
624
625
626
627
628
629
630
631
632
634
635
636
637
638
639
640
641
643
644
646
647
653
655
656
657
658
660
663
664
665
666
670
671
672
673
674
675
677
678
679
680
681
684
685
686
687
688
689
690
691
693
694
695
697
698
699
700
701
702
703
705
709
710
711
712
713
715
